83878
46062
80773
54733
1104
23761
93024
24315
93856
64034
32126
48366
18415
12562
57097
56861
29747
89609
7988
3014
62044
80760
50964
85345
8128
21488
91928
33604
81587
48992
21911
69879
91443
46107
13014
2936
58576
15879
3238
93838
17039
87438
48693
99992
87713
50428
82461
27337
20039
52626
41367
19872
62216
28622
22003
7870
39641
99383
16588
23753
97577
30752
13133
75222
63423
73634
11632
6674
36697
43142
2963
18094
5276
6229
68849
83170
21481
91809
37689
92721
20801
24607
16675
1759
83441
73787
42086
98144
74964
15880
5408
57075
45604
79888
81205
92202
69279
6732
34536
24804
2210
62744
31503
17419
92942
21437
29663
47450
71189
95539
84306
32574
81173
40911
16546
3606
99143
64181
26587
91813
54060
50248
64296
60696
7692
56343
60122
93900
48413
89182
7787
84451
99843
50362
68913
95627
76963
25137
95311
51669
51981
81058
93952
83412
11510
39069
74912
15000
76148
35347
70378
44219
30813
12795
56017
57997
57271
86410
44593
5794
6612
68437
29577
57983
23383
7250
24409
30519
37887
43234
68354
67208
8923
28910
42837
33515
12485
4953
30711
45973
85452
41684
3027
45958
44402
96092
96594
16233
66242
51178
28151
90819
68103
60595
72740
16883
87242
1232
14754
19195
2678
22007
16001
59331
84038
80034
59704
95422
87229
9666
71543
26231
44989
56302
86210
50968
20021
52851
76434
97120
25235
96906
18244
24267
59815
82810
20988
23246
18093
67312
92408
72215
46847
81355
76638
68911
81406
22633
55611
63979
82261
52442
98821
59945
44995
91189
17393
81808
60196
84880
31419
3384
57414
23898
66944
5993
12444
57005
87353
71058
12480
97862
18452
38061
89503
38804
94698
39046
84027
13312
12991
3683
3316
84907
69104
37620
15148
92880
39245
36822
39433
41345
38126
44076
63620
3755
70717
90024
49402
74108
67848
59171
18656
98645
55312
86060
76233
19780
81965
32794
78762
15595
5100
81844
67992
76453
35561
21821
70194
42780
65085
32155
52061
71974
39220
46162
67374
69640
45333
58682
93301
28125
2657
30244
42658
17697
54452
82678
80179
21885
70120
21629
18539
70517
85713
54995
63
52556
7146
87099
86196
78657
78409
52246
33111
61140
5030
78677
74838
95723
69004
30218
68647
42224
16209
15
89949
8310
12269
90900
55086
72185
3143
40969
19889
95204
90341
51615
9946
21147
6407
32575
54087
43072
97456
62417
10030
1837
51226
89930
97299
80009
60367
96928
20092
82760
11662
97562
18003
75615
26722
65361
51416
51957
75810
14804
74319
92368
57207
98322
64426
95804
73294
4642
21483
53143
32788
21780
27383
9645
56603
85103
11797
88873
33570
80664
73148
978
37432
74077
95999
27313
32649
87234
73724
83150
69907
66846
29619
97596
53134
73232
16701
85605
68350
49758
71656
40673
60596
72984
60070
70212
99234
63602
74334
81889
17247
10557
7656
26146
20329
54015
10858
52119
77448
55463
66680
9498
42655
34371
79149
85345
7081
76486
40130
62101
27201
99664
99216
34551
1366
3293
88343
15765
73214
61736
97771
7337
91826
69196
83837
53753
86376
12877
4251
53103
18429
81357
31402
30469
15368
6908
50911
14274
72694
29494
10159
71997
99353
948
90641
25272
50079
65509
22499
92809
8889
90798
42107
31450
14813
66937
23622
47912
89085
31186
59888
45421
92069
65179
88029
75932
42699
14283
44574
67909
49546
72029
82723
64429
34911
6649
702
49485
90706
47304
29130
22199
40567
29120
61596
11835
49324
43032
32449
92327
8761
55841
74633
90910
60819
47921
75523
93045
46078
22814
84836
4014
40881
75704
77799
36992
41779
75902
9499
98751
30193
16349
38736
84841
24070
89505
97114
17306
34108
35570
9699
91433
80195
30021
23772
17795
16323
97088
71662
55059
96921
756
18546
53099
63027
65048
46755
19107
90719
8346
29546
38957
8889
38230
83141
56286
47550
18766
62564
41371
90153
91198
13461
58878
94364
38864
27735
96052
44957
20629
84800
90452
23757
37627
62633
60801
32880
73717
58654
66995
48114
72529
82544
79439
41104
25822
84590
18459
42936
8300
25952
19526
2418
18579
57315
5912
42167
8838
84877
34075
85528
96376
36222
54007
80899
30197
45902
56245
83143
59778
55661
85753
96633
48901
14733
26498
82438
995
87567
36511
93180
52736
76102
94484
99738
47023
49854
44189
41273
29033
52975
9833
66002
79877
32027
58028
40168
32501
51369
23932
18658
5489
52343
41578
92852
85314
56935
30884
27577
1015
15209
89613
65528
59647
46886
75101
30199
49343
24234
16748
26254
79755
84350
17189
46246
79415
26606
67327
67273
84812
60643
75377
80384
89807
28024
78900
58003
67972
23801
40284
3650
54392
58716
41793
59027
243
73957
16441
77960
44893
39648
61187
9664
48389
89282
72025
60827
23438
62888
53090
40951
48554
54827
60880
58482
96852
24852
48680
28592
19951
75060
95355
15508
65910
78811
938
57051
85990
96470
82531
13299
75412
56015
64409
9138
42230
91738
90083
85549
16756
55027
70200
11016
11569
45904
84228
87877
95193
84754
9182
38112
92759
73728
16921
70309
50554
29982
53007
70892
80833
32411
85137
62812
96171
40947
37996
28791
25174
31327
67750
46487
17253
62037
49776
52586
85881
17378
8314
21416
18473
19830
59292
70364
12353
85042
87633
17341
25781
55133
724
21410
7740
16028
36935
52070
67013
49700
69597
20283
7279
77325
35628
11176
30825
19783
5143
79824
53736
30204
40623
72589
9621
89989
31681
56087
14560
45014
30214
56913
27508
72366
40884
92174
49150
8310
61905
33303
56004
97782
16677
83590
84688
61485
36851
13152
98258
62656
2638
6338
62463
98346
47698
53590
19639
7994
54765
54616
95715
49117
96707
67503
72034
64748
78932
63397
79800
56421
42302
63605
86780
28394
4103
88297
57457
56575
88546
5306
43824
58356
51119
32241
58125
64061
19180
73047
51967
94512
81896
71822
98786
81567
76217
50455
88855
22254
56504
49558
77064
54944
69528
21997
2081
84486
17803
21898
63612
41437
10758
51104
59519
76068
28021
93871
46403
16561
68485
43003
17917
3365
51783
14846
90273
90837
10554
43063
7212
24252
98853
17693
25061
2581
91718
75450
95150
90532
43000
26602
25144
45469
28173
55406
49359
5888
19735
87576
19656
32733
73014
26545
63399
82955
52323
36481
72650
72065
63776
61644
90203
95389
64360
38580
51179
88944
92875
57005
24859
32952
19754
172
5279
62626
19613
3615
98849
6746
95918
27499
95079
68043
23247
32378
25829
72841
4395
36849
51016
49766
69717
56625
95017
42642
89979
48352
93563
66097
12195
28890
57777
75386
5401
20914
55597
24817
36288
89955
75842
37628
73075
88363
23609
36452
61003
25205
30924
80145
42600
52234
57791
3955
16981
13031
58454
75281
533
38319
96469
4041
26769
78508
81262
28622
4787
81820
86524
48042
81191
5739
45591
3198
17246
93735
66322
97801
87199
25725
3649
64099
52628
44720
79933
32219
93797
18595
9491
10568
1302
46348
86969
44133
42566
90521
99979
18288
29927
99034
52930
16133
83104
73637
60645
80868
25256
56504
31424
40876
86383
79934
10666
82036
50298
14395
70265
89844
15206
51364
34805
42117
5885
22621
2398
39456
60959
80874
94538
19581
84569
8577
69476
20381
80102
97726
46596
83011
87543
27775
82752
6296
43628
13566
16849
42648
19706
60951
85784
8737
13276
41489
64856
90954
10302
78558
66843
79320
17209
26022
89693
59205
72982
88751
99712
67707
36227
66440
31792
22258
74453
69630
66593
88548
3078
97181
69863
30785
39618
29319
74068
11681
53387
89511
93808
36591
78422
87440
61021
5110
74233
62383
50685
18321
72920
68617
41621
79428
96045
68501
19363
18902
68342
91812
42753
18930
39322
34301
61336
90209
50214
50080
9629
89801
6898
18843
93272
51322
34383
21584
79933
37096
37628
22518
78705
74728
275
65929
21276
90038
47374
26419
41785
58619
71943
11445
94887
75446
35474
82727
22028
75475
90583
47796
7218
17820
33069
99275
74599
69565
86336
64136
69934
93627
33835
58603
43253
66728
50265
63992
72268
60935
65403
43449
32833
81264
67335
11400
30217
27904
31919
76156
21929
34089
27187
61184
17693
94261
22996
17065
12244
4147
22420
7825
13138
75276
94413
20433
74743
93404
23200
88011
29139
36761
96939
384
50882
68149
45976
22458
18123
67744
54594
92235
53514
74437
16103
93276
45585
51856
55052
2593
30536
24664
5418
89396
20255
71373
57556
21322
80648
17589
75640
22561
22180
40589
99752
50913
98539
95419
51266
76781
66093
46110
75385
41525
27454
80522
29712
75879
54812
76494
40006
30588
53693
40910
19144
41405
14108
77336
64535
37995
66267
19185
96439
46784
11889
61924
45792
1173
45132
17167
47549
25633
53844
56476
66329
15354
82770
29506
20022
61684
35842
96714
35874
82197
9545
45450
788
50869
23576
76583
59670
16309
17856
77514
79596
4619
11457
46761
43967
57982
98563
46360
8454
39974
79109
93963
68034
80002
28435
3
21552
72302
65442
61573
47041
12965
62942
94599
29941
37481
81404
64579
37651
58767
79174
13452
37094
32535
10925
4770
35151
2678
10403
71484
48198
30665
83661
24783
62006
93122
33452
59022
17330
15995
99316
31547
87329
47216
92491
16496
14637
18237
79945
96091
59440
44050
88449
82559
78941
83959
45990
42711
63525
21164
18051
52992
83208
55630
46612
32028
72459
15391
67676
62175
40013
70761
2104
89334
93771
19428
57898
44939
44486
32861
18595
24556
38527
14972
81094
50760
20465
12126
93564
23043
94344
98007
5377
33203
23720
83587
42604
69590
26049
24521
60445
25003
33193
48320
87211
71971
621
87804
2980
18804
65802
28159
59420
52649
20915
92671
78904
79915
98297
60158
62139
90384
10631
50565
95467
5007
14180
80938
32138
84598
26275
44331
8589
58563
3300
73127
53358
56151
12498
2630
42453
54412
54626
57356
8071
62289
58675
41568
61347
32082
38533
21529
30085
24350
37008
98390
35713
55092
30639
12810
60543
37975
33426
98099
75619
12941
1167
24039
2027
83858
30883
37731
11300
18001
68592
11010
53941
72560
66378
45443
52224
71699
28864
83082
11442
10521
62319
12243
97906
21739
58778
34623
23209
55362
68607
22294
66428
39950
40831
7927
84999
64746
44111
48960
39008
12531
50798
87668
41251
59730
3723
92993
11910
32816
55781
42831
82566
9999
89812
5562
15887
75093
82942
39060
7499
39123
41724
34913
58347
73163
80781
1253
87004
14867
81479
98032
58937
33968
87661
24974
93256
96581
55225
86606
2099
44394
15414
4942
45449
83306
49107
38666
51544
58141
70297
58606
68645
2150
84425
94547
64009
15409
4769
90497
61097
97143
14239
85302
36011
11254
73934
35201
51904
78070
38586
73907
74944
50343
15797
39354
16357
23816
45352
37501
95999
8702
15395
14079
29761
61764
49182
15590
96885
59690
37877
75035
53327
57679
9053
17535
49412
69948
89669
62088
54694
55709
30390
72716
23908
91521
26640
16067
95228
60615
75961
3486
65028
68617
10520
63473
66833
45211
86312
46947
11243
22974
18214
24450
36515
62720
1340
11666
24882
74339
29247
71572
78040
37569
58125
15570
70611
52183
85770
32963
3867
69593
1686
79674
33648
58247
10633
54088
25771
88627
72664
63514
98488
67100
90580
20812
71619
91034
87644
54202
52261
90335
65182
4172
91947
58845
76207
71536
82201
50353
71640
20903
26490
25391
10026
44835
77029
41689
31848
39292
67156
21540
60081
9226
44320
87379
63469
79639
34861
69468
32872
89473
18856
26072
36972
65162
71806
26483
40869
56764
27149
37985
91791
96911
12439
29296
989
94251
57634
1001
35877
6715
35258
52829
32333
43273
49040
3874
55571
25146
28108
26929
86841
30871
87968
78185
67038
73612
79327
91383
797
3893
33302
90196
65222
17701
82796
42379
15612
39894
63318
20432
91205
36934
65427
99154
94342
54754
71142
92539
76714
62872
32660
74903
55071
24538
63830
38025
10881
70837
90335
63873
72588
68996
62397
96010
74462
68522
55704
61723
34676
52122
31743
3957
12402
74387
61500
90748
25561
76542
74615
93175
66373
98685
4104
69802
23148
56233
66822
50964
24785
42248
68423
25378
95662
50120
18100
86464
37937
14102
85420
95730
19802
66573
76197
12377
13481
28125
96334
42844
6780
5669
20607
727
55916
40407
91066
13337
48126
37202
21690
94934
30347
8140
74194
14896
95032
41863
46800
70131
80455
75805
45979
57710
24879
79599
14617
62948
8426
93713
15486
71523
30774
17155
84552
22981
44310
53459
81082
18645
83006
93396
95605
5096
6547
16677
32251
78241
76798
79368
51518
23958
47593
50694
77816
4936
86412
15922
21255
5164
62653
76512
28952
11976
23364
42772
22419
69620
48642
32214
65377
76789
58640
92993
29234
13877
68958
33205
1017
25969
7111
44906
83074
21970
37447
38563
63509
80696
10162
93168
35334
15402
68255
25089
41764
22505
68500
12331
9158
53
23706
64336
42807
7986
36295
47783
44074
8923
27977
78850
61853
69424
90950
36423
95668
37793
34223
48441
15761
72601
94323
8784
56400
60433
42266
39220
50282
70543
37543
95543
29079
78460
26451
93785
8416
18263
82348
65592
86302
7087
77465
47936
6016
13167
21650
30129
50154
17149
90013
97476
77462
32229
67214
88258
7978
45997
64503
21764
14697
57970
61172
3700
47853
81676
5725
9210
48011
96452
16038
43768
26501
80813
28386
7248
22783
44577
52891
8564
70211
83470
26662
6092
46130
50766
68494
27809
60067
76167
78971
32664
42118
76670
46140
52138
65228
71273
35554
79638
85346
6460
27587
72663
83190
81790
57651
71317
71348
96521
43628
80504
81236
20859
7730
36753
85418
10306
38464
7368
51664
95650
47426
62652
5848
48970
33847
45705
4615
46349
37527
80556
12890
62460
71890
53520
8217
74447
39265
50485
2942
19254
63753
34754
75917
5068
21496
6752
47124
85060
27286
90500
35712
3828
76999
24923
86023
1570
98251
78030
84420
93395
72816
20989
87650
55545
25682
5988
71946
69244
38300
29593
90370
2685
63952
90131
65757
29727
85606
58261
49115
88045
91722
39479
80163
83713
69527
15701
78869
98489
9978
99562
78311
95848
66592
751
90628
86811
35776
28471
78723
85889
77123
87044
96306
47248
8693
49998
99238
98807
50783
97594
64760
67756
60696
63460
92023
44656
32275
27845
49896
74449
84300
67163
89023
42381
60049
46262
22782
9175
59955
71793
12288
30215
17218
73974
78384
26280
25194
37931
94665
68757
23779
33044
28976
35717
10587
44576
61033
67681
71971
98166
36599
82629
17405
22113
1449
96965
34439
70938
32349
52150
76753
26844
58874
26697
16634
2911
14165
93116
91063
56289
26836
63020
64116
27536
22511
37663
43852
23967
39170
42101
38866
59423
50423
46162
26466
27139
76759
70472
71517
85500
63338
93356
7959
9682
5951
34004
85360
42571
44551
20887
49523
3064
50635
91512
45747
49187
5608
33093
31862
56539
57497
77800
33218
9641
78995
46660
64909
61972
38037
39044
87704
46063
8793
59032
90062
57101
73417
40211
65599
46063
75058
65860
68708
68182
71096
68535
57657
62551
39313
57970
45687
53651
31405
84710
96727
84921
81550
76424
10331
34642
8106
87083
12014
35418
40101
32002
81624
98753
95693
27417
1427
22160
84456
51332
22062
67560
43752
57331
50589
60235
92079
40855
43554
72538
70448
43316
91830
34278
97659
60689
60136
35640
30142
46194
92791
86245
60596
79138
67284
74762
29936
73570
60528
13258
46338
93608
26375
56314
76325
85409
2435
88028
99857
15956
53776
90485
83599
97729
84622
39584
89488
89517
53533
81853
97062
94728
22502
85353
91030
85907
91290
63228
84575
90952
34608
65930
50969
17006
89318
62297
45612
43874
56915
56643
50956
6829
36135
52876
21850
60986
18
20226
78875
71605
92774
94684
29530
7528
18845
44624
75309
69243
86762
53929
87826
29686
76145
44055
9967
95814
81497
22373
59484
37203
14854
43345
60453
71006
78079
90249
27715
36267
80272
59929
94870
36429
25048
80339
83315
2894
73452
75202
65655
23506
76239
44692
66707
1470
79405
74384
73063
27831
6699
75043
29044
79368
64010
16571
95016
30416
42494
99447
99672
39616
63663
95030
57091
56969
62078
15994
93691
25235
37225
60048
44436
35012
43743
4600
97051
38407
32560
10103
9539
10481
505
91093
24298
70275
24848
86604
75438
8265
1853
37337
52634
56684
65203
7482
79899
87516
12732
44969
42818
87975
25391
11895
33482
46239
45514
85061
66863
12090
87368
69881
13326
26211
29037
47719
48738
46582
36928
93970
96948
69936
16498
84694
72470
69394
76490
19441
98445
60525
681
20443
96680
66458
17171
841
99670
5201
37268
88454
3269
17397
52984
64145
51272
2440
20316
90068
80830
29211
75882
52681
16389
60490
49497
40486
63534
60718
9430
63606
67323
2472
14568
6891
17429
22511
54728
87233
76528
48518
90353
49944
20577
22459
99190
93758
95098
47723
40234
4775
90803
90067
15698
23847
83083
44980
44758
92345
42066
30950
60492
71836
78821
27239
62415
18444
23635
73090
90288
87729
71495
56702
43718
49687
5182
25981
37530
45845
96698
49742
17357
33116
89712
50608
57688
95421
41387
8614
21791
77362
36604
99755
73500
66663
41527
13447
6262
20412
68711
43206
58274
53051
61409
1979
92263
67272
6508
89290
59037
3962
39902
94372
94776
65496
95104
54358
81656
41901
89526
93557
59576
32494
41018
63120
1772
78114
72049
45883
77222
13091
7960
38049
67211
74851
91313
94427
24297
55067
55246
46036
61907
76329
64900
84043
97655
57712
86710
13066
71437
62675
14884
14681
68091
99826
56226
2072
87676
38079
31863
75922
21862
88074
73307
29159
2463
53347
34651
15837
93510
20388
60837
53796
67320
88
10151
94761
86251
76839
26491
54296
90892
69168
93986
10863
89450
12970
7580
3805
3537
44078
40266
14627
53198
22040
71659
11919
6481
88927
81722
68214
44059
11599
27618
31046
28524
13055
9874
73400
31459
51622
41539
4490
62582
67870
72629
27275
34717
82345
45709
19165
93238
77239
13458
96540
62215
71723
65619
25691
76986
32205
43698
67550
12067
47594
31660
33033
76688
47609
69147
28152
34358
72115
42514
86783
29011
1735
65336
95154
34633
8648
41901
49363
89215
9465
83081
81135
17229
27479
83485
82947
75628
4523
64474
97056
69409
43903
51723
98495
47126
56164
57333
44126
69812
18763
49002
23162
52922
86183
87687
1724
49178
76120
63128
20694
56624
75865
61125
3234
56234
54555
31132
99745
57846
46679
59353
42194
39258
20822
25127
2693
99748
50389
99519
10937
94497
40763
31194
29644
56468
2910
82791
55554
50393
13187
10686
66459
65610
16454
79434
84235
24453
50773
3848
94939
45456
72320
29025
52906
69082
51465
92237
13069
99938
5729
13764
15095
15304
51805
78955
47301
55037
81116
28252
72112
74324
28339
75122
82973
87257
49939
95527
81258
80752
62529
4128
47231
83224
25677
95018
97923
63985
18992
27507
21293
13924
83309
76477
42841
262
56005
32688
31026
81263
2663
26630
3016
51611
61884
30282
47525
67130
34938
99751
8289
9494
1299
98672
15525
50025
93535
79459
30663
43283
38111
31774
47136
32860
17939
29900
53754
38812
65339
86532
69500
99270
11556
3729
48099
43071
77512
69640
78791
67970
67358
35629
36360
80200
16457
48642
53138
21924
75540
48574
69289
13202
48509
31755
80878
24539
11051
50117
32276
17291
29443
61842
25475
47344
65363
62080
76032
55575
26725
55622
36976
19453
53814
16737
85099
69986
64159
57559
75651
99114
7414
93533
93628
32203
32783
89258
58236
21574
21575
33624
57736
94342
33442
67498
74628
55709
89923
7698
12662
98373
11501
69566
81514
45336
11495
22175
49205
61459
98984
75978
16571
84381
19638
24482
7485
42252
23117
33900
5421
76223
17179
34922
87486
11237
88146
91230
76949
45162
30639
63194
68525
62842
5830
53035
70714
78816
56901
75578
70612
34748
31932
20161
66643
94312
2549
46510
79417
53795
85570
6500
36630
31706
58421
60674
2125
74343
12108
10089
89972
77159
73318
73660
92770
71852
92959
18285
93088
39392
68713
23247
37806
48504
27120
32740
21827
91260
43108
58283
7072
62636
75996
90409
51841
18273
60056
39074
45417
66229
99649
42885
38971
49355
24504
30186
12418
19818
3072
93976
33802
50360
83273
50317
48669
67038
8930
9425
84150
58617
37486
48260
82330
86902
23800
57409
96708
67146
76373
55067
41940
59704
95938
51197
84431
60733
23043
18706
71547
50272
58248
45267
9989
93252
91957
75940
47987
35799
38781
80141
26075
67971
49050
767
30961
1289
56940
33876
95381
26160
76635
23464
7649
84920
46360
53278
67711
66622
76229
81091
26273
99648
59373
19845
60582
15442
83187
77193
48401
54695
2661
16240
57117
46753
27413
76664
88712
24581
11845
28782
56948
59974
8395
62442
71721
26568
4309
65972
9215
34953
15284
26195
52580
9450
81333
95804
213
46983
57444
98389
42228
43597
56528
231
92678
54304
90626
99193
23622
6649
60081
39182
5552
95209
31389
54944
3008
75275
29097
6157
59089
56837
73437
95236
84663
34541
18823
95392
85706
97096
58565
33252
29068
94264
30332
76370
60385
6985
12207
30327
53219
28331
32383
11350
87183
48079
10295
97072
2212
25185
60421
9564
35664
64421
269
49708
49828
72815
13305
70634
12517
97736
29218
17880
98471
5644
59948
76640
29865
54763
96582
34572
45948
31770
10281
94272
79599
49012
49674
62303
78332
52847
6356
64869
59884
42277
71081
24981
52487
69605
35280
85650
35844
49101
9381
94789
42298
9606
34016
93829
55706
33150
81327
88400
67883
38845
56637
83647
99203
78229
55739
29212
95944
36480
27362
55258
59795
58125
60232
63347
63277
60573
4128
22404
50137
41109
90103
98176
62616
18373
47701
40303
13486
93538
15290
385
74487
1870
82243
59484
34378
31335
747
37278
34857
13474
9483
59428
26995
8471
12040
88731
49909
22044
41931
7077
27820
42654
36506
5426
9204
11681
93814
30412
88376
42634
43530
42802
90279
92901
64260
34599
15903
18368
76283
32275
94325
17329
55147
39159
5366
14252
58254
41196
55265
21359
45890
97395
40235
29203
98327
68323
96111
13949
62623
70718
66788
26279
57732
29646
57879
77118
6756
82109
23608
94487
99191
15153
37449
47377
68023
48604
70318
10785
59671
85201
92840
22643
59215
85315
16267
33724
30448
72285
97490
32803
97812
48251
31359
51531
23878
51393
65033
5529
7647
31203
95731
26942
20004
14529
79894
85822
58781
24367
27000
61325
92438
50850
63806
74365
81331
83253
66871
97018
46213
23036
94596
56124
87007
19203
32995
55195
78686
7527
58374
21332
66406
77367
96173
32370
83180
26229
59613
47322
64581
61797
55909
51896
5452
94445
62999
34194
76746
13459
97651
95822
2748
66055
44340
79263
44626
33474
57773
92066
74232
8530
38890
29106
95871
86567
91728
86838
31117
72101
71298
62709
60185
77933
85703
70954
17589
8599
53429
19130
11895
90919
58434
36079
10979
94290
8119
96434
53412
17335
72365
9177
79099
80411
42426
96645
61804
95074
62648
58935
19523
76245
71255
42721
77445
2882
79549
29004
20344
12930
35159
57711
46014
80114
24636
31789
25726
53982
25303
83770
49697
84820
50092
23461
98676
43110
86762
64357
42620
79672
71589
22988
58703
76645
93915
95601
44828
93034
24424
21435
79391
50923
67000
28593
40663
99649
69178
99737
45048
71523
92651
3675
3273
70265
72240
21172
56438
83819
83736
12225
18718
19164
11568
92011
16071
61945
69003
35713
92153
37855
61549
44005
32503
79318
12895
61214
95507
31970
45722
28451
3983
37201
59716
26298
4221
66398
63175
23149
5597
84123
67190
30115
70491
91793
14074
21397
44052
75651
76629
12203
86015
61956
64330
84843
63855
67129
25739
90087
57632
86222
41648
89983
21694
58414
64353
3343
22966
62267
45968
21562
87932
84224
5188
80895
439
93428
39839
31954
90149
80160
49301
76900
40126
98891
51631
68361
30220
46542
95142
28742
46339
57812
36123
9640
31169
86857
3410
50738
40295
86023
57037
8961
64073
38787
26652
74493
46174
81430
52809
88441
9232
25632
51537
72721
13809
24415
88018
64965
35474
59432
66911
62616
73533
95930
65095
70748
94553
43154
68875
25030
63984
23015
47188
73959
4091
76921
88943
2410
95214
3636
9484
58401
6356
68001
35579
80279
5298
61517
21917
60885
48688
39113
32904
99403
43245
75731
34090
50921
8230
80682
74509
51907
44087
84046
18897
58977
52834
16249
64113
2117
34275
3608
58584
74177
54451
64210
2326
40206
92369
99849
73861
81969
91141
64441
75525
29939
87852
5274
21185
34999
30658
3312
7066
67214
91192
88601
24957
24375
83533
72529
28369
81356
94995
74680
96030
24147
93551
52963
14081
72009
45100
99625
63281
34321
53855
85045
72079
137
82462
1523
35279
10741
73576
41284
34373
54555
30776
44378
92995
20922
84187
73838
36519
2214
7657
24658
9641
3052
46973
34292
15816
96020
71264
41538
57932
44159
41202
95455
12528
24151
84643
44757
44533
79669
40758
43329
68065
75561
54382
97959
57924
73121
33383
62409
42363
46114
4553
44151
70744
63137
7181
30774
27698
11143
81978
88373
71162
21578
23876
86145
3678
87775
96569
27892
53331
48898
7628
67304
37222
8898
65835
50908
75639
10614
33062
99073
89
24995
54057
48465
19804
94673
66268
44767
78865
13640
37725
24178
62462
46307
25506
92527
98590
42172
34802
47952
67199
81272
93601
96196
22974
41336
57648
42589
58852
88414
45717
50223
5967
92986
25985
4538
37015
50742
43024
67465
20073
65954
72623
14985
99404
95860
80482
95294
4403
15054
24356
89390
49160
44769
8381
16315
12686
17836
53138
46740
83523
23795
44691
46643
92107
24818
23962
55518
50563
953
43073
54395
35677
14910
97631
677
18983
57228
76609
5819
1377
50186
42041
51925
81070
96732
59108
13290
56333
21001
23937
46740
75503
77376
79905
26202
9960
98932
35897
66442
34538
33383
34828
96175
14599
409
59407
481
94261
78257
95163
20208
96690
54970
34402
68731
30742
35626
37524
35812
83583
39796
48328
21927
54331
42985
76834
91278
79087
84945
90789
84242
37192
3407
70180
76012
93287
42371
7311
47111
70453
15599
31002
39630
90821
95711
34535
58013
13234
36641
95679
60589
38057
78534
51853
19015
38373
82111
99659
4851
43981
77489
9154
68679
22279
82524
22119
26828
20676
7606
85728
5920
72837
48351
89800
30279
57076
28989
82304
58090
85322
41855
31276
12154
96016
14301
63519
3735
39289
37704
3430
91760
4146
43077
53543
70042
98504
77881
7220
73624
45430
48365
47680
91232
94070
98006
84095
22057
70174
78986
8491
4840
99672
42446
89967
7057
56061
67355
78172
47948
81424
91803
47523
46888
6704
77993
50696
82269
81650
78516
24103
80506
34051
12331
45051
61305
87527
99275
39075
63821
51221
87766
8578
3075
60543
62452
39428
16290
25070
52084
1763
27891
62267
51891
94292
90685
68188
87822
20997
80224
590
7157
90568
44250
54171
24544
15461
90976
40218
90291
96508
8461
92569
13503
1092
94864
75526
892
63911
59710
58196
81064
26357
75086
63006
78323
83744
2168
32523
62554
97215
79169
24172
28966
68338
49143
82339
39305
4655
74931
77267
43029
7363
69881
90477
50203
29056
34566
47124
37843
67205
40496
91600
2710
29503
90776
85885
85323
63163
32348
64839
95649
57850
42297
726
45076
14125
97727
35450
56605
79138
68590
53761
91861
89017
56086
168
96680
99487
36331
57223
96446
31831
18652
56072
95831
45780
30079
87527
23264
78126
59900
89562
37441
15761
63940
80020
82497
80167
76130
46263
71355
24828
71981
12052
3318
54753
77079
54400
26767
72290
77047
71912
75989
54847
79146
82054
74748
13429
20057
87182
50992
56796
38924
70792
92118
60982
67282
47326
6252
92905
88257
36409
72983
24479
30275
29330
10138
98431
76669
85100
46792
53733
5645
11544
82579
31352
84420
53500
23601
31026
60756
2249
58509
6715
46586
71001
218
86692
98482
24812
94811
193
26935
9057
68957
23537
46099
80837
10638
39085
72612
37453
32541
95582
55730
4627
83633
12097
92728
76318
41089
81962
30612
54400
49923
88702
11879
70706
70498
54678
32643
27973
97229
15486
46543
32598
48125
79612
11294
5512
22120
95360
81766
8653
70535
29512
22229
89551
53333
41396
47400
40539
98192
52980
47520
65987
86049
8091
94351
43157
15219
11315
30562
69259
40742
29907
75815
99842
36279
33813
67170
96052
37307
32810
97407
87063
92864
10543
72806
77311
45853
64226
63815
24981
85260
47868
22037
63346
32290
72511
10735
63319
39047
52331
70421
50453
94215
51094
91103
68438
15173
62504
77690
3384
99440
44056
16387
56338
1622
85819
49880
53001
90914
93163
99232
76288
2341
85199
90035
68717
69405
49600
16979
78774
90654
30534
53652
65075
62963
61925
20450
5930
20251
79171
40286
59624
35409
96254
29941
84892
8908
95942
10895
78366
27220
46951
1937
82221
29791
69396
78786
42656
50957
54152
6228
74728
88338
99231
36547
51985
16919
37834
72983
41716
11527
96589
49569
74747
36471
39169
71957
30224
63105
50327
49851
17577
61866
98472
34298
32040
78697
28429
7883
7426
29749
71105
13597
98910
1358
331
10165
90712
60005
29263
50307
5167
10180
97282
74462
14611
14755
19736
61115
67794
62484
51698
55815
33308
45512
32972
91943
3636
56707
17301
27695
61846
84965
96420
45380
58203
39649
32767
25458
30228
84220
98551
74557
99983
91698
15665
40693
82760
40919
35900
23044
21162
2036
63540
97639
16959
88654
36697
70177
5877
19597
35839
73523
14292
34696
81274
80962
49205
58197
18873
95955
92303
39139
22411
5914
59012
18029
496
4123
55610
42560
1290
17640
58517
91981
98557
53325
28770
50873
22902
64808
60541
46224
81562
17206
32635
98372
43267
47270
42248
12017
60073
6056
47565
6081
76118
46945
3263
43987
6303
9979
9278
13046
53232
26289
63244
57713
69215
31762
12602
80138
92189
46426
40069
92368
43145
84184
69190
21640
64750
62607
1271
50241
22543
93404
7621
45558
94197
68821
63640
97679
78380
86256
728
84160
89818
49698
5028
68151
76259
28064
43499
73124
3562
78468
73164
77982
75639
27522
12188
27908
9283
31528
75604
74652
78443
54164
6127
37137
80784
95567
60342
95428
52566
17332
41681
68016
1431
13453
66866
57714
9115
73178
21485
4337
92668
47600
85341
82090
56062
32100
9176
65008
17542
6909
93999
35913
27319
7694
71710
14980
54639
98075
65063
43943
28491
93914
16597
6941
15334
97570
46374
86682
7977
78746
52144
80183
11324
39742
57289
15534
70258
63886
98057
36159
44637
38761
285
60769
61600
53473
73467
73943
74603
60649
89558
24113
96450
92863
2542
68195
2015
6252
1904
54115
54589
74443
6569
73483
88582
57629
94290
79978
6558
61621
55470
96686
523
33772
28815
90917
58990
13218
11251
61728
13355
49930
97865
63084
71837
2409
85082
51801
62463
64104
20166
73734
2578
53334
84232
67692
61579
28146
29015
44715
16173
9020
95010
25011
77209
74068
70250
53991
9265
60280
38454
23545
265
20063
71210
51997
35331
62840
15590
54307
65696
89561
82409
55905
97805
52008
20444
95871
35346
19145
92950
70840
66320
91941
84846
13483
95126
30718
65437
64907
55370
45755
97866
63192
35355
13846
6094
88723
36447
22194
94254
31124
13793
9755
50272
18290
1728
64120
90802
24430
93965
79736
90447
55555
78342
43964
93908
84960
73502
67069
54635
40658
45959
29664
82299
25809
29312
42072
28724
29190
27903
45485
99843
70653
3356
54147
19741
63578
85894
28708
84109
69789
26300
54970
40873
64746
71061
68315
72605
52583
9025
17115
86966
13341
87001
73861
40926
3776
78212
79899
3839
72335
29647
15350
43461
30624
43177
73109
18535
24503
63410
82518
36404
44419
69702
75531
45456
43638
87186
81787
48722
23371
69053
67493
79575
17538
65416
99379
46377
68341
43520
33356
96234
29668
12553
95762
57760
98561
74261
27938
19781
15785
99811
14298
12964
53033
52803
95583
82503
7898
66750
44020
26973
99381
21620
82676
1778
3246
10265
93500
77580
36221
31166
47061
47562
2706
69792
71124
21768
93908
56589
25697
45826
21989
62831
60375
44136
12583
67819
84540
75996
1760
4041
90227
65330
70158
61205
9329
68681
95364
86929
93378
38023
66433
3344
37415
52081
84710
85653
11939
41837
56036
14699
27045
2052
78306
255
8958
46024
47056
54731
24487
89456
93015
13604
31155
46864
45076
46831
83491
46116
91470
33501
59645
64838
47413
40174
40495
37138
90983
28738
15930
74529
24937
73649
26346
99495
11049
47098
42016
12451
66191
50757
51692
36577
58343
95133
89369
18642
67984
65332
12291
85185
89421
85801
7066
77219
82989
44956
91837
96224
518
32383
40621
50745
48095
18403
45128
59976
57362
47457
6718
74800
30635
74349
41437
47892
99972
59890
50646
28936
75973
31789
27717
28054
35175
51021
23896
14512
97874
48382
52832
15394
90364
79397
50014
29546
74908
5291
99089
21734
2357
71350
30972
3349
5279
98714
64967
85316
75269
46357
30639
58146
67018
57530
68389
43797
41979
24936
59302
80618
31536
39961
63007
19726
84335
74578
25454
12986
17493
62005
56715
33306
34430
43520
5168
88947
24573
77774
65153
48025
77229
44985
91505
21222
95070
79485
11282
23489
50623
85280
41274
28608
90495
36885
35793
72251
78997
47059
70087
94478
171
9131
60743
53492
85966
79301
42071
29557
56564
10740
34467
93386
94688
84632
72761
28699
90329
36567
29159
30478
14021
31486
66379
49221
42681
93360
73911
41990
34303
18136
60112
81155
154
49367
14981
56057
40969
48643
10653
20135
53162
77084
98470
58315
79787
31435
45077
68322
95822
2126
63716
15622
34572
56098
51958
17630
11231
47157
4098
32485
99028
87147
76848
3645
94757
10070
14220
58454
34078
52685
7375
73687
38165
38434
63007
6335
69121
6034
24978
42028
23599
81345
92053
4213
38286
49041
46024
64360
55956
94032
54115
38539
16115
64285
82395
9069
57360
73901
8817
96237
44325
88939
6189
34969
66466
95681
59854
3545
65680
85425
20103
87443
1977
96803
16946
26659
13585
21095
20118
77906
27914
51286
4192
58726
59945
9628
51986
31981
53127
94293
93919
23231
48879
39397
7943
31506
41135
76419
78734
34890
42910
55177
14106
91861
43010
48509
54025
407
86932
44141
51931
9559
82512
5352
50693
29259
21590
47640
27551
6487
18238
96537
40164
74388
45294
52457
81907
14031
24086
45136
29054
1604
66865
57625
97288
14575
56474
71125
97803
50113
17313
77730
66498
48912
17052
33616
20266
18602
60651
35789
2148
22363
38046
85562
47739
17261
56484
86920
36277
21203
50837
31485
10989
47365
76721
5280
66235
68033
43179
7029
50141
4369
38391
72185
32526
59764
66242
32971
1272
59650
97773
35491
33608
18066
3440
76284
72573
68708
58301
83275
13948
95621
6095
60415
94889
67181
47557
61703
14529
77828
50618
70297
70867
51862
91812
53933
94721
19436
47914
98500
97903
38860
91448
77560
62119
10832
37290
44175
64649
98196
54077
33568
12410
78552
82124
16271
9319
98412
25891
32143
84466
3478
62558
25885
64819
9380
2394
34163
58348
42040
81246
16287
64378
28012
50498
36647
13595
29182
63871
8588
82449
66803
31528
73510
96963
18905
52106
36830
18826
7974
71992
80525
46569
36373
42604
66736
118
68822
37911
58206
3762
82238
87956
42638
41760
48166
85612
19346
29174
38471
29421
91984
36796
74514
34819
32344
3969
53843
3102
84006
46157
19329
83472
50382
22031
90769
22065
22859
95423
91192
90957
7681
63113
9655
27947
71683
93530
40624
24523
65514
52238
48607
13943
37696
67463
50753
4724
98105
3249
76252
78434
46465
19986
85433
42422
80176
9224
66582
14774
98155
19369
95074
76334
27380
4473
51418
54380
48644
2056
15366
96192
84772
16929
88366
94015
50293
35993
68438
28743
72
50490
28008
38182
2427
58082
70487
19259
89336
19722
38023
57336
50988
24803
27597
61297
63207
22267
70403
96689
41851
3993
7147
77661
70094
15066
14654
45762
6929
28845
93161
45054
67862
51148
70812
76509
42046
69754
52482
58963
2133
97860
85381
96180
91662
34505
41532
38292
84688
5024
60600
63615
62543
88010
44202
96580
9018
45065
74203
18161
7639
22612
80661
87355
70475
29802
19246
98301
23756
25985
57290
22898
34310
40602
19272
96379
71175
33326
95676
78326
60295
37352
69883
8349
2556
97160
91604
17442
22148
6072
71140
48395
90193
12857
27186
66577
71136
14795
47328
97451
30515
45115
4798
62452
96386
88399
50961
62364
61644
73861
21374
89974
61178
68354
4245
58561
91396
81489
96952
58874
80594
52026
32434
97519
3620
83640
89370
4181
39942
63034
53897
37206
64000
26673
44448
96559
64456
94764
9695
15823
2649
32527
37808
46299
16198
63615
72808
42109
99312
27394
72500
65504
82174
32382
33071
21398
40475
54940
53381
74984
17232
28929
85849
35257
10371
61027
51877
6186
53304
89840
4334
96721
69229
73940
43370
29143
56028
77619
93871
70615
85956
75542
24253
29791
97167
47562
49917
15561
72138
6437
98509
55380
38879
62581
96807
27750
67637
5878
86102
9160
86743
83064
89694
97063
41522
65716
46595
61868
25094
30016
33824
54386
62694
55720
39817
6988
62760
87437
42883
85543
61953
15928
26935
30854
23895
74132
29397
3015
31332
90923
1024
19770
73191
26640
73068
86034
83137
43710
24370
75489
33715
26938
50029
70975
42191
16473
99794
13830
8290
83113
45579
87067
56844
66391
95791
23131
72224
99267
33440
65417
46508
62873
53259
62461
22191
59615
21536
89342
98450
95609
91163
94210
44596
2430
89714
69172
28876
67006
20742
94519
86596
94199
68534
20361
30813
89643
30624
20659
30682
24644
48910
56655
81785
32944
51201
75749
54901
79834
68259
38907
26674
75364
64860
20450
61889
12329
34193
44748
7474
58646
32486
69081
33533
75657
51045
44575
11658
35986
14527
99752
12636
74618
45170
42376
68603
76179
35594
92456
43929
70000
7371
71998
8860
49987
20721
44778
40173
95238
7820
92209
27808
31206
28950
32457
68934
51071
12637
48178
9106
48571
83880
5221
23209
18511
98592
8440
31860
39978
56376
1422
78638
65692
55592
45562
30594
2503
32685
66340
98209
4196
91065
61692
89474
13476
42714
20632
3590
36353
80427
89331
73734
25682
2484
58289
97310
46875
46362
26809
98080
55734
8454
29864
91370
31899
31926
10022
64900
34724
54910
15873
79248
18926
47843
14502
12180
73285
36851
48259
26826
63418
18622
6045
51705
43166
56919
5828
23563
65497
69342
53808
70048
50015
58950
43949
38430
5523
85393
36747
17221
19652
93640
60181
94101
3619
8149
7841
16090
75533
63434
18677
83938
94974
70138
72614
51795
55304
77981
77045
3722
83628
61558
70112
6745
11541
66950
29176
9348
88305
54379
30831
54890
51521
53325
73734
74263
6372
71976
23453
79945
84617
1285
71006
28271
52357
49769
34324
94619
33589
90028
99787
79250
29691
85092
26349
30434
95650
11151
73825
10535
58571
35746
61058
57631
79151
6757
85100
39543
47347
7103
47345
99576
26523
14118
67039
16117
18412
3224
87614
21910
95448
67509
47086
75430
49518
12566
46912
74259
56452
75372
40962
53372
17861
43948
21406
24185
47621
47324
88586
80000
20208
22104
29738
82282
61687
93973
24139
52843
43281
19141
2627
22115
80126
83492
8665
30981
75479
6249
21376
69845
57836
41037
24550
64394
98187
81371
19737
59847
66878
81272
47746
33367
37097
91179
62338
3496
28631
26401
56320
81832
4111
44067
85786
53698
18751
32617
50380
25510
965
41680
92255
30024
52859
32712
66179
35244
43011
15393
28614
2494
38432
29265
41565
20518
61599
84196
78216
79730
10146
15722
49917
70078
10987
13623
10227
97849
42923
9132
62535
71331
25954
3527
80596
77792
67983
128
33765
72904
75370
81109
31234
72477
53589
13851
27385
59255
99746
85132
27881
33614
3673
27411
57219
88827
66946
68336
66935
75796
54525
8310
43328
7500
61384
11904
94810
29737
84705
49397
48090
58512
69411
54302
21537
18676
3815
50275
66400
73268
38310
18982
38013
963
13891
69202
93788
61449
70793
37660
2960
76238
40669
53413
70539
82304
1289
13594
47007
40273
34180
54841
83383
53052
11631
92394
29729
73059
25798
46593
29543
7223
19845
1509
51384
31123
70852
27901
46107
45142
41339
41106
26910
11172
25625
48982
12056
10064
67714
79369
25363
54812
24634
26840
97414
58480
93406
68810
38887
56377
72949
33083
459
5047
60682
7927
50750
60130
30610
80982
6654
57864
57180
37421
30050
63412
60634
67708
75812
95387
98826
47737
30274
9562
94768
10249
18677
42626
55716
54566
43374
99830
87154
32810
12764
29981
31270
21231
17428
74800
33090
31265
96358
44553
65393
73115
26841
39389
7815
16335
19664
942
66864
99088
95074
80349
51880
72113
78372
79924
9297
28023
75021
24570
39800
57859
32114
31843
43750
25011
13468
86560
51831
87800
93435
45182
60638
5485
60699
46333
4931
67925
77757
48770
91256
31299
63276
52246
65610
87602
83425
71409
22604
91649
5712
63657
9458
6312
44661
10867
43256
58044
56615
98099
49715
84503
76502
60440
831
51035
37969
38756
20825
81278
83481
49340
95437
40072
27414
52839
28820
26943
50609
76423
26687
64826
3917
22929
37670
70286
25334
28094
63696
28773
68204
42113
5784
92698
5261
69266
27457
27792
59512
41023
26172
17218
3243
3902
52397
20736
57880
8672
74327
45841
93479
37115
27160
51031
97880
36294
33028
37620
18524
64975
91832
93083
62595
67910
14911
92273
84494
57302
5634
57108
75107
98263
81421
65264
58906
6719
10290
4153
85013
51865
59280
74347
43011
12997
62176
73808
38156
23282
61193
41624
8556
61367
83812
71639
67124
92885
93884
46020
20504
44160
52413
89790
80937
98596
97006
3392
12233
50247
46467
95558
89385
21829
79587
71873
73022
52721
12500
59027
57058
48435
99857
88629
33134
56139
91433
14406
80199
2249
37086
43490
60417
56341
91698
69384
9495
43599
91418
94866
18248
15994
74210
75720
61751
52671
54047
32800
81895
57102
71479
26225
17542
34368
31293
83796
64757
3659
78817
85045
74079
41141
92874
30988
3548
68157
34520
88143
84231
64478
62747
27803
30276
92563
76772
81271
39862
74091
36049
63396
57858
95395
85217
8050
70224
24877
61118
45581
78691
76024
31889
60243
52214
66625
63736
50762
46105
74741
56783
76163
45560
6235
44676
39060
25603
47375
94230
5083
82615
90524
89052
52380
51002
62009
40203
25597
47671
8323
52322
43213
58653
43942
3269
96820
57639
23398
84292
17322
12014
60795
43919
88448
6073
47555
85233
75112
80364
81061
56385
17022
78596
76252
39253
95892
63768
1795
43226
26314
15356
89488
83678
67182
47606
23420
69048
26904
46549
90291
96775
77289
23852
98194
34660
99165
32925
13200
20409
10039
76362
89360
96320
34843
18610
43430
78189
27674
42494
257
42080
9452
42929
79993
41219
31807
29548
52856
37437
12208
66781
91816
97705
37201
74110
58410
93341
39914
2897
74268
44068
44835
53975
57405
81712
41108
58237
5813
77160
91747
90874
51718
89991
92305
11422
68393
68876
7620
87347
13376
57955
11724
20066
88945
4590
28628
35051
33745
88576
57714
47686
3576
60269
37485
40293
53040
31717
36509
8367
46156
20548
92992
37506
31567
26712
28652
25942
38387
56792
58377
17797
72896
28058
99400
67982
59225
968
37390
92489
9113
56280
96472
6418
86833
33004
82
66191
35281
56246
9412
5828
5080
70774
45316
228
11942
76697
20856
36336
66983
34553
22483
90075
60346
82062
74025
64600
7782
94035
51179
87940
21308
13107
88450
73524
29877
94037
86366
28515
42637
43010
65896
612
6138
89284
46601
41831
44222
71639
38995
38462
73121
17432
86315
6553
32926
86981
98092
32418
61771
53679
16989
26990
98161
89053
63457
32244
67178
55534
7879
88369
77227
33653
55648
75035
2188
16977
63892
53598
28401
58686
50431
34503
61542
97870
4687
77894
18767
35499
51468
90315
64661
59963
55690
36935
87290
5995
35492
81200
62166
97844
14252
7398
19916
72823
11348
5379
34078
747
17395
90674
37522
30226
35631
19052
2868
99326
62651
5054
89287
68589
70754
62232
64300
24734
70811
2101
32943
46167
70020
47657
56507
18655
93148
34539
50794
44078
56080
25398
34125
33157
49427
3804
12001
34828
48743
81682
43962
45520
54324
67645
79642
90290
29313
98209
12811
35126
92833
62778
19808
39514
49645
78579
23952
37421
24797
36963
43443
70975
97069
25371
89292
13743
42420
69300
3819
6791
7280
87111
85055
80240
93591
82339
55965
61711
31139
85283
26764
37530
16201
98373
97985
81265
56588
10329
98110
29746
14144
1151
21353
38862
5369
15637
57258
79986
51641
97603
30253
32214
84932
67511
94164
49406
81790
49401
31999
88066
13237
71956
73848
96789
93637
99297
72223
41537
2308
8310
73921
75092
17708
89946
95080
10078
97446
80184
19374
21927
93207
97388
56234
50486
63082
19639
79115
54143
51914
96817
79535
15224
16827
24109
86121
21870
56830
10095
27952
68574
78482
68339
76136
1609
77441
64691
65483
37899
90613
10369
75734
27873
6502
66381
47773
5507
36137
37405
81824
93983
8777
73383
92400
24194
15807
14343
69266
22779
97147
81519
19845
78071
63836
52112
39962
48567
83460
42195
70403
23155
4848
81337
16665
69591
41025
63997
56533
6619
9541
13363
94274
82315
36520
5935
41608
16125
13378
41358
71778
67600
39556
86636
45525
35672
27372
49268
29168
11843
75114
5332
3528
27679
64739
58637
63344
80831
87065
10666
99395
17906
50427
92302
65311
57420
85739
49620
34126
11888
80346
71124
24480
10759
29483
6170
30122
5835
8649
45201
80168
53014
9156
74924
30133
79351
44305
83047
40499
20123
63743
23413
87440
34343
66483
41760
95319
65121
1107
44528
64875
67244
5544
35496
44763
67441
99471
75344
64704
3670
58016
28479
27920
38406
87779
80046
28251
89386
15202
32693
45801
78496
56277
7654
10465
96319
91553
80991
93022
14182
61261
72554
38537
88837
23250
48932
58346
72835
51757
58949
72234
78283
61174
33798
18621
3692
18732
14194
74333
87891
70056
62257
36604
56888
37237
13517
31067
26884
35316
50895
89087
83158
84192
54417
60446
24105
51030
63999
56216
50104
31987
33939
42949
38606
24982
32169
63890
35532
39259
52289
30602
27700
69550
77123
59970
716
71876
15209
63090
41058
25595
91205
51128
24769
32129
49953
8144
799
2055
7451
88021
65082
19566
81160
50161
31556
34919
49361
51962
29787
78897
94133
40790
44627
93131
43331
94263
66518
28159
69114
38264
95044
81331
10171
99117
35735
40601
31698
94091
17357
5501
11826
8595
50582
86215
76460
36018
33819
83855
13584
89001
33783
73062
10739
69109
70550
1723
41773
37055
82857
38423
38120
77948
93748
57140
81263
72756
13666
58289
51770
11418
17576
11200
75080
37811
64411
62549
59324
51174
20847
25048
51832
85791
26435
94792
55632
83105
82314
79140
4675
99401
65438
85218
40304
68291
45664
44144
68083
36734
44274
51098
40954
68387
64702
62426
88654
7306
14203
60595
99262
47908
27837
26307
85480
79900
57466
76499
5613
90727
83417
52091
97568
28754
1146
13104
40055
32079
80936
20367
57056
4202
72876
46845
99820
36122
74348
16834
57470
14294
18057
98272
54653
36969
20258
53895
87200
2889
43346
65517
56716
85336
53619
66254
73313
97262
88989
36834
67669
96827
59570
36446
79345
16142
92191
72024
57312
86088
16960
7188
48051
91878
57485
98173
96979
13585
91374
77911
54282
98796
61954
86111
62697
92237
89087
37325
81569
38362
3173
10196
183
4671
4807
21449
30598
45755
41644
31710
55362
24145
61608
13056
51144
22
51858
43237
10090
58729
95690
46197
2073
78887
72207
65822
92208
95455
59747
8877
52239
86248
99272
78567
43096
12190
50382
64255
93273
48043
89792
52462
29420
48164
76127
25242
75818
9639
74634
83214
78385
74556
94840
99318
91014
88206
93521
15014
77030
27441
75842
448
32427
2905
4700
22000
57603
24010
88947
34824
63458
86499
58914
39497
577
94156
37576
82623
70217
42221
39927
60522
61159
9677
38138
65192
31596
18280
55721
69763
52652
25299
42195
90534
46511
5971
49851
61461
81989
30467
67086
78856
94559
85568
65016
69936
37117
61148
89507
31583
85709
88288
52765
60595
79943
96713
7100
42194
10936
45861
2446
82663
10097
21821
34807
52523
24719
69151
28758
63324
43561
65806
955
31531
89135
55300
29773
41752
16703
13268
11774
69733
26401
64466
95196
74568
973
88908
40478
62631
92480
41306
44598
24128
29556
89265
38926
89113
79570
97933
31875
27643
51298
77214
93651
42098
65333
5539
77881
73213
20980
37014
53961
86330
79164
57675
42950
41391
69902
48452
76961
16603
4258
5483
53306
46016
96310
86025
82721
81095
23764
26853
48103
3024
79942
87300
90611
55437
8227
71584
76563
2266
84353
63956
75801
64501
80579
74049
17192
41539
8220
92648
67801
40234
3069
4595
51752
93463
89597
58685
14566
59534
86088
55348
56665
98099
3346
13570
93181
47938
82811
66435
69674
3955
25982
90724
3908
3987
48950
40508
27275
64374
2701
71402
75635
9206
77117
6197
31073
70688
8744
61023
52810
3495
29991
31720
96161
68595
21383
43255
92342
52748
73203
80768
25260
65393
87928
45665
3749
51128
47955
41253
25170
24432
66188
20213
47355
15762
97331
78686
95643
834
14528
33375
25437
47774
77213
38163
17974
67292
99231
15835
3135
96710
10765
74651
99796
42091
74668
85324
21457
14556
9412
42388
24354
80942
24206
70119
98493
14649
96716
23671
87123
57993
17789
21105
44417
56146
56097
87875
53511
57953
30572
41433
43586
10183
18410
58109
37403
62141
36973
46728
71302
16773
28660
50793
34110
20151
21213
40262
81348
68488
67686
938
49409
55856
10659
37966
64661
79164
64910
74663
74412
67101
27348
18384
7689
31059
74345
90193
88849
53473
79199
12053
62448
4699
35034
242
20228
17695
36947
33112
13710
46490
8507
98561
54792
2792
61791
17942
47415
54708
61787
80646
13770
28620
50591
37786
73602
24679
20964
81503
2156
86286
4939
81783
31887
794
93820
34891
65809
38197
8873
93583
77598
72699
17629
20174
5491
37639
10553
41921
72398
32535
65980
63471
62997
54476
60488
77233
48147
79428
39476
65508
45090
70227
96756
18740
8928
17825
16960
27758
95788
12382
46879
68976
50894
67622
1081
32676
18112
89011
68266
27973
42739
48692
77355
89099
84557
40836
38092
95766
99587
97070
31091
76439
29901
43088
4649
38558
54499
35246
29864
8991
24952
71706
96413
96424
85747
94497
53999
75900
5896
58637
44687
56811
30526
20243
92298
3212
33725
6822
81987
50742
28726
60158
15660
94892
57458
68092
13160
48830
59665
83973
66490
49398
51050
92156
26526
4425
88706
20996
91691
15429
58652
73239
36786
61256
40318
75010
11008
7037
17250
42236
56244
62805
66228
32386
83153
19444
65519
2347
46584
21916
54980
20267
66760
42874
50225
52050
65016
91978
3818
22918
94281
28065
84709
17349
50106
38686
17309
79966
8282
57755
43801
30996
53898
85365
22841
85846
22186
28137
36651
44201
50266
74013
58764
90729
48210
21909
30019
1346
37117
20045
96552
79089
25448
8501
98345
22835
77681
80479
81739
85892
38005
66712
35109
69999
18347
9610
47592
94793
52202
38184
15849
41993
29731
32083
21273
7497
72812
33821
62832
94733
86932
70784
95801
10192
6755
14365
20817
60026
30282
18610
91932
56642
62241
28056
55504
69256
83570
64367
63218
13733
56056
7804
61796
48174
42904
6109
33737
14926
66007
22599
2794
20230
14863
5529
58560
73016
8387
76857
66046
94861
1289
26129
78224
11601
74295
98244
98148
76883
68339
82848
75952
14209
75157
47968
97925
32107
99773
34234
10557
94113
89778
91994
65235
57569
20367
96249
81642
93934
17781
87147
95319
71380
56387
79784
7838
67549
4349
28660
61055
65281
1903
69260
29498
56696
63172
94752
71970
40725
71957
6354
32974
60657
61856
44432
50589
3411
80490
25041
83599
21191
41255
81325
23454
20782
1100
48877
60025
58999
57168
13775
46808
55133
17384
24514
40641
9692
16645
33961
99976
84928
48197
91334
7628
24462
20629
64996
10475
67619
77822
16542
83102
87509
91835
13751
60464
98100
21612
89988
73020
72008
32608
31284
68442
98598
43491
59265
64788
93742
28222
13755
77959
75683
92430
72921
97275
5302
4966
99166
88215
91725
60870
66927
47404
40930
60290
96331
75409
38139
94019
6186
44756
80756
80083
50527
98811
45246
23358
84318
12978
39839
60963
85852
30614
89136
68867
26629
58015
26112
56148
43535
62592
54708
23080
99895
67014
89481
52052
38035
91486
31715
29934
44157
24779
82971
15383
30468
49898
56124
48139
21383
53943
80716
99553
45747
64528
7711
1007
47772
30123
8780
70640
87471
49121
79123
36636
54855
77318
10561
19362
73157
80625
23920
2483
44906
37284
4495
98663
42350
97189
28351
56386
93862
22407
23884
78171
49773
16083
57475
7792
30728
84048
76575
29556
25465
98878
75229
43284
17366
67734
76008
58651
40348
63951
82998
2050
28225
89918
92947
66897
28250
53981
88752
47953
60912
67915
78310
1782
89491
40488
24054
8016
33825
45865
79479
2775
97730
72572
30998
76961
26689
2133
54444
4755
22969
35382
99792
15528
34119
63489
14988
58569
57288
69397
20820
96597
96656
23613
39664
28760
31661
59004
44402
81647
12925
74942
53319
635
20660
27644
41148
37855
6771
2497
68646
3266
49777
71378
73734
9454
25454
86429
24298
40922
77247
35340
33824
75203
51076
54968
6914
78350
26459
94454
9485
9150
26583
22675
20829
53936
35572
20810
93524
49256
92611
59904
19120
42559
71404
54698
94601
15253
19370
95800
49620
89759
86936
13681
26248
64729
83798
3903
65853
4619
32451
49131
54149
58662
14866
54771
5685
73577
21708
52658
89512
68281
97033
8293
61299
8208
77754
21741
39516
29581
96730
46403
6488
74976
46010
25756
26808
97352
55470
52237
12305
996
27838
50560
22721
94874
74881
46918
78690
60749
17081
48424
24296
95717
2193
63951
15744
19890
55511
84124
94219
33523
48272
47525
43863
94269
77091
83546
271
67447
11919
8613
27546
8501
52581
68581
3895
15359
37520
76872
76906
80222
42742
58854
5956
70355
74075
73549
65812
54841
20188
60132
86500
33298
75215
37919
55283
56766
74397
46001
17177
8342
44677
19466
32752
86297
27223
86272
75691
59230
91969
2142
32007
60087
60
19425
87440
32721
79164
76939
92153
38831
61173
45506
42141
63535
27806
12671
41313
27298
93110
25367
42907
15833
20522
82135
278
21039
60479
48794
92141
23771
7525
42785
22190
92189
15276
59897
30749
42198
16405
51566
96777
98637
12462
11116
90378
26490
93061
15349
77395
46580
14448
70819
89035
40857
48902
65720
22582
81994
36474
15513
75698
21026
14066
395
86728
89893
25382
95199
73956
43094
86613
25627
43026
97283
66152
93051
78922
72599
18204
98420
83274
54661
96718
90167
49406
20473
10627
87220
29639
78054
29135
59691
61182
97545
70458
32781
21001
64780
52818
61863
66051
76749
96525
51207
14886
23592
16606
33770
64096
86501
99807
73338
96603
61837
90807
64386
62278
45371
34296
99071
31705
69109
77032
75850
92868
12279
9833
11866
20517
31477
77836
30986
16835
49156
41190
1746
949
78575
73710
71928
91096
44885
36732
37191
15526
2366
94739
9619
89005
77100
81468
67552
65557
6458
241
88883
81352
45076
44616
31088
58925
77342
77860
32940
22307
44597
60043
33360
54024
76866
4151
65934
54184
90782
21847
66969
65591
72296
80993
11816
99260
30353
17008
66938
35764
58745
11220
28789
5013
6330
38717
96669
73606
40704
40989
33421
23536
67394
11863
48150
12359
14584
26183
59568
57342
9506
65191
38654
12158
36236
16016
46501
27560
79659
26319
81311
72952
54029
86736
43810
37439
49228
76512
9093
27227
83621
38888
19312
16755
57387
5553
635
65138
65967
38546
65232
72822
2927
21535
1967
50170
89705
691
83059
97839
21965
47012
17450
53816
38014
48088
38534
88755
7385
68915
81361
40159
90202
7760
6143
25267
6282
78327
54493
22774
27441
98837
39324
10364
81896
9820
2823
77041
4678
93899
51955
18782
91932
73762
79061
62255
74286
77062
12057
58158
64751
70862
43821
76543
76551
23512
31313
57957
79510
24456
28447
14045
58317
13380
54108
32077
31883
68
56908
23878
57848
85480
52360
45678
34067
31927
59147
34878
80197
63938
36326
68103
46675
94696
41610
99612
55768
82046
2404
52495
68423
53519
28802
60492
46792
74502
63067
18569
63844
37065
62303
64196
99820
13050
97584
25512
39845
54957
88137
23779
52628
45099
55596
8086
87560
74449
78063
64694
30201
47338
98589
69264
39126
48262
34873
72811
83508
66617
53118
57160
20799
65412
3230
34855
7328
71806
71771
34190
4300
90343
441
80963
33543
65698
38819
16544
78171
6586
38884
84794
82686
58468
47092
97668
79234
93441
96154
62943
71387
53117
39857
72015
79759
96758
85620
6836
34213
57944
45432
35818
11286
5043
47417
24687
41987
17116
17597
97634
16333
51608
30700
7570
38001
52618
88185
94182
59838
79952
84227
21376
43321
41502
92650
39339
54100
2132
60528
16918
88075
61376
62907
52114
134
68613
85209
64171
61452
49377
28839
9881
36985
59358
99107
75648
59390
16963
91404
78620
60588
86940
44220
36460
52759
86253
69558
16227
43440
44693
53208
76187
21476
93773
88462
77647
72155
54847
24504
85264
46624
25598
10346
70504
47514
8820
61249
42715
98731
96675
56429
61459
85807
10662
17356
61941
90134
60865
1516
8672
9987
70484
19949
55135
51142
79549
190
43521
97543
37320
55585
12767
6265
96137
63678
35419
88
69574
99342
57522
48088
6709
94365
40665
91585
98501
73406
8528
68341
34759
8125
99491
42312
53640
32055
20964
87027
62023
11138
84956
94412
18350
40398
71395
73812
93759
47860
60787
33003
31502
57785
15954
72330
66021
51158
11082
58372
22079
78530
66533
18124
13384
73695
85212
89156
30960
36532
49890
39928
50303
11858
49916
77414
28541
14354
48388
31670
96964
86619
19553
34690
83893
82444
63100
90933
35017
69768
24478
13821
88065
25085
94565
62498
44439
58155
49459
32327
3560
71944
71207
69161
21352
31439
64262
19753
22341
17571
40721
60297
33253
7116
56992
18986
31914
96675
44421
52275
20262
65410
50994
64171
2184
64451
79514
17542
30286
66702
6204
17978
18220
22908
94565
39197
79940
92692
77271
55350
51377
71042
68405
75792
23513
22246
221
52127
80269
67062
63164
23508
89603
81727
57635
47004
73069
29044
87676
95378
89128
62681
66437
10922
27391
82349
96978
91610
14508
88801
79169
50408
85708
7317
67786
89405
90373
48436
75832
76643
63411
51236
39962
74545
26088
99461
84658
23533
96228
43905
87426
2597
73500
73881
26867
49596
32248
29735
369
82192
98026
62528
24452
54409
20632
20152
76134
55682
58709
32940
45787
6619
15065
81516
24679
46953
40065
42494
66481
46431
49159
77576
38633
87033
13699
46566
54396
59059
65438
25774
58945
39150
95374
61394
3097
46455
72606
60565
19483
77897
44576
95758
76532
46080
30230
69646
38153
73896
24128
68955
85659
12628
31730
85223
29436
7087
63609
82825
2703
18429
418
73674
41453
5306
55593
88712
79528
10984
50917
37770
25685
87824
4628
33533
90480
25459
20498
55444
17708
70858
11736
71606
35709
75878
67951
11410
43073
3703
362
55271
13947
40288
3394
9530
72175
72655
35439
6132
43807
35363
51910
73502
13995
85295
39217
43841
21370
76170
27439
99927
46711
65658
47883
45204
88266
35961
75422
86610
47026
50931
84545
31301
84625
91183
15478
980
3751
75389
74703
20686
18899
54576
6036
35249
35084
73490
50995
87528
4904
81949
76477
15602
12983
94630
48781
65844
97902
84799
10441
62231
26540
51619
73780
9570
58680
90000
68666
50403
92843
7557
10671
25750
9991
48720
24196
17859
70466
34732
56405
22333
78128
40154
94596
5263
82426
40838
90953
44963
75827
32673
47434
72142
13284
72857
31277
59168
79071
12275
83454
81706
6664
20977
37136
49532
8162
99804
44462
17123
3890
29771
32085
36067
95061
90605
34165
2523
53893
10323
10682
46872
59812
85425
99153
50430
83165
70517
62754
67098
96923
54107
96644
26284
96593
42387
44204
25052
12614
69909
15728
9257
54951
90002
4099
64349
97023
60274
82679
66277
94429
77254
35448
23336
11801
11744
98771
6098
74852
52211
83467
33045
80090
29759
53126
79968
18640
22649
46186
54168
80700
83050
63227
41538
56805
88842
72769
11393
923
95074
61700
11623
31351
11633
27899
6595
77615
10431
96627
24860
83555
26755
57423
20347
5538
5217
53128
29996
17927
69961
20352
92579
96927
27797
29593
19168
86000
2952
95290
32762
85528
98522
16678
52008
64331
37435
2839
49327
86957
98953
92641
83323
77438
58653
4528
12602
54816
72466
13561
37717
34629
83554
94660
55551
54920
38629
818
66247
30129
69420
69629
92588
49195
6196
34637
597
12650
61669
90295
67655
58048
74580
35962
80296
391
50649
30600
82872
90049
97599
27790
90732
9752
41384
75252
70524
22050
65456
18508
82680
75267
74264
99093
54668
86535
83461
83163
7199
17645
81515
18206
75131
96595
92865
40248
73542
97010
22016
73276
96843
41798
19668
95429
72208
93438
29422
87525
73604
85104
9045
31461
61553
11860
93425
49817
21242
32143
83520
23904
41710
34792
81403
64733
46442
47733
46682
76129
95889
1609
18290
953
9380
50484
85760
68945
92567
6808
92480
58010
21303
25196
90793
45339
69343
97816
3626
16715
26452
5323
27041
98230
83679
52643
6058
45561
42404
81237
51069
48394
25736
64205
12967
13288
5043
35896
87374
42335
36816
83994
36614
49979
62203
25349
75263
93442
74785
50549
70980
83096
90547
61666
61901
81940
83755
74849
33637
57957
26499
34110
84880
7305
27100
93700
90823
93672
92515
73915
54849
43087
83370
29359
873
48562
30294
72822
56673
51124
48753
79452
8155
4832
50991
52963
16055
41056
58870
83631
71493
75778
35679
36728
27597
44796
14478
1295
89787
51562
13486
45914
12596
9606
17780
15107
36713
60044
34046
41346
63507
94250
84355
65186
26030
20581
33476
64213
81042
85936
23130
24787
18149
36804
70256
85331
65093
96044
55285
20147
58025
10520
76999
61783
2199
85367
83773
91800
56447
58033
16319
22584
60963
72040
87020
41739
44817
3191
80572
88906
43977
87732
77047
23465
54390
9149
5678
28259
45016
18970
28532
82273
50607
7814
45581
78296
84908
8659
65828
30143
2068
9833
13876
58494
43714
76709
8349
27952
5403
64745
66620
25917
58817
26597
57963
91028
73002
86294
88258
43229
10092
28622
2381
46336
23914
64600
4139
40825
97194
85231
34458
606
42414
14689
82743
72166
87036
23572
78799
94390
67134
82890
68715
49600
32314
1014
77700
39080
73477
99379
59068
12833
30100
69815
36278
39444
16532
92460
33994
95001
13652
45538
57558
54854
54832
29253
34427
20594
5017
26836
80375
72316
51007
86487
68997
31975
99578
29198
52601
21649
49408
90525
33385
13512
40160
32633
72032
63080
29343
84438
55648
35871
70105
74263
58714
50367
94791
7348
27315
81326
43137
85101
41360
54428
90010
41923
37137
73829
29527
34856
76221
84712
53433
6585
86387
18082
74488
19163
65982
12673
11911
23876
30143
29628
74902
66803
15077
95772
89330
761
97621
93626
45888
97424
19824
31798
39321
35761
29059
12253
22608
36053
21384
35573
67670
82992
36458
33464
26982
72519
13308
47536
79945
809
41927
21062
89621
67817
74935
86243
97168
41287
22645
10085
24128
50047
80594
21603
96150
96695
37297
66896
82578
32604
91481
19638
41932
39597
30376
1107
72106
74780
50138
74744
84207
59369
10914
81119
11421
40281
25275
93463
51407
15003
80851
20294
2614
68367
38536
96558
52680
78213
54150
45031
64540
79633
23242
24455
13077
14812
50958
31601
68001
98598
50387
93815
9136
67583
1661
16055
66896
68947
93172
70192
28101
83795
51715
96436
82922
63482
32602
65944
64758
14456
17098
92465
21542
70164
59370
9746
27049
45506
76888
53372
21886
38407
97820
33732
97533
47737
39739
41176
31283
55598
4707
2717
32262
75531
64679
51077
95002
2303
82038
63189
27058
36524
15738
20816
61924
8617
97326
30106
14310
27338
2741
5801
51184
18310
68018
65704
15732
80312
62837
68194
22923
45544
95071
39552
8508
52552
37605
22789
63961
31477
40970
2686
2517
98337
13895
62892
13267
54555
30992
86095
47358
36552
23527
9711
95119
59946
20297
56049
91239
40890
93564
53778
32022
12400
19130
23177
73663
31653
30956
1852
37417
99616
18340
44244
14985
71973
25635
76913
80158
41187
76971
78787
84402
65365
59333
29804
37057
94038
15488
44785
92057
43808
16915
65112
50587
14444
7471
36884
87773
11949
75920
64939
177
72611
1521
77915
59176
3196
54531
63270
72971
66935
68297
33755
95077
89579
62384
41250
82218
13427
62656
78313
36515
68943
14563
80435
34796
49207
4021
62520
50747
75790
17220
23321
62918
70189
60342
75829
80694
71358
43268
60133
30254
42501
29063
1204
75905
88718
7025
14617
99771
7488
6910
58262
35626
41273
14478
21615
58293
79834
83012
17958
47546
28830
77987
97733
29042
19734
75025
34819
94506
87233
84501
71794
23722
14557
3633
74642
43092
36092
37651
83622
20781
93345
73544
43611
75572
28865
11607
53767
13844
2804
29128
33360
10476
59296
66781
77309
68288
87664
49799
91537
24443
70195
98564
49520
47238
31420
56228
39888
52127
23681
36709
35901
52442
88946
30253
56282
17791
15059
82752
27549
65748
21929
98229
8649
32660
6289
86670
7711
74255
12558
56150
95095
62991
13767
67494
20801
37810
32061
7390
37416
99917
82909
867
90685
29796
8804
78337
59354
74173
20269
43034
70943
32715
85175
56882
67666
5956
88482
71296
86921
36180
78234
72471
41496
43905
37189
15664
87591
72470
49431
56464
88966
19755
20771
73186
75586
55468
72001
83293
91503
88158
1393
51451
92790
11002
43778
23839
70287
32134
39026
61479
96293
16589
69853
2021
33308
56966
9629
63521
21904
86546
80646
86130
30127
59385
83019
97532
19184
51810
7696
52735
44511
64604
22088
4315
43438
60100
52494
85092
32093
55454
23291
65396
97933
18005
75095
30684
99806
62032
89085
17457
46368
27025
72644
94263
18626
33820
70559
51046
70806
5445
90791
76219
30933
1355
15986
32340
5815
54632
52138
39334
60633
54313
81169
63180
27999
89854
14399
68031
10134
28559
77926
10099
96260
1330
18089
46561
88595
30944
7122
96483
35358
32823
55984
48238
62413
61728
21009
17392
48349
83002
69674
2202
71472
91644
60658
59419
15339
50190
55582
55230
18027
38203
53097
27959
72586
74818
70272
38307
29831
82857
17120
45143
10202
51149
46126
36171
83797
82030
44471
73796
70074
79828
35409
85987
99535
73291
54332
75029
42821
65642
28152
49017
55791
43456
75746
302
14544
55545
75616
64782
32668
62306
47763
2655
24382
98718
38301
32088
76572
2705
64813
64132
31501
16975
7695
45493
79345
41379
28654
4821
33516
98215
50463
53829
6500
46951
59839
43400
8221
60522
97262
63046
26826
31593
62622
72577
44702
20034
24907
82622
16582
61209
7247
55346
56527
15899
52211
22993
73741
73623
78192
23354
57395
38371
93310
60606
67264
54743
79275
38747
2838
40805
47240
76475
59542
95168
58979
6949
44841
38837
17960
75540
35011
48127
28322
20114
81018
58567
53144
30729
56736
35127
20234
48874
80950
98151
51658
63326
26832
40490
59266
40377
24504
97296
92926
55838
42207
37680
93161
53830
37945
18312
12551
60410
74066
12747
54452
91459
85328
81243
46690
39022
29447
2933
662
27950
91505
63356
93272
37279
19406
70868
53800
37972
85160
74247
78864
20172
70129
25281
42983
53188
70414
7282
30061
94444
62293
93406
39926
81876
27649
14716
5496
63091
40745
78211
45957
79808
80885
29555
30328
73155
91243
678
39892
29728
35514
76023
22295
72536
9850
99118
11281
70906
10573
37399
46539
80093
12431
65479
87918
96230
74840
64131
46661
2947
87946
32946
94095
89510
64530
67019
95526
99278
86546
50382
54903
83737
63684
72071
72334
61845
52696
14779
3241
90539
21097
64264
62382
19976
83916
13561
65295
78519
87199
46888
59694
55344
82037
56582
83335
73424
61135
58417
82387
92279
44105
89229
70825
52008
66006
8052
71366
36016
53223
73502
15210
11628
92317
25157
74371
70016
46293
51144
600
54726
14887
76716
45326
35955
4251
20566
9467
69175
55462
69758
58479
11301
84080
31516
46249
85858
67827
4969
56888
74616
14648
84767
11857
25866
96295
88963
23752
65048
38734
39927
34312
11766
27711
22786
24260
22483
92638
40645
43818
84531
93730
13123
54192
18254
33628
95650
81310
85777
83279
22573
80309
85357
26988
31032
45933
46687
50812
28975
68612
15842
144
77783
17652
2066
13701
73287
28614
99393
53391
93300
45922
62650
43377
90731
40187
71455
7365
53564
30191
37663
34040
60717
8233
67086
33850
30255
64529
93024
34189
51670
66714
21668
46994
89223
41735
74593
11723
26664
94519
66170
2402
14389
71907
82437
2803
68864
19845
78407
36729
45287
77923
97721
63785
46402
39871
75322
60402
35731
94915
12695
9366
76999
44053
58858
14353
71965
41022
91451
42963
14991
416
32328
80498
56786
49938
43941
58515
39911
247
1217
56231
95305
41366
56456
49678
30950
42974
99082
32174
29601
68528
75376
46087
7998
18457
47457
74034
91481
74472
68268
46488
63192
95924
76128
7379
28700
94717
17223
99615
48186
84302
10090
56289
94469
50232
39183
32358
47527
90981
70367
9979
73663
89360
77948
8397
61519
51988
64753
14147
33826
29065
49676
40880
91416
39239
98700
52959
28045
88193
20600
66588
60457
8671
2034
44268
86834
16187
15462
62678
97809
17747
99553
99591
68789
37495
56510
83306
40304
78258
83864
1648
95782
96907
95489
76585
66161
88254
63069
86884
7888
28000
47817
93404
97077
93155
19268
23172
50884
87608
30939
5004
99380
92356
17745
97743
40554
90035
21685
86757
90948
80219
11683
98075
54582
12786
18094
38345
83874
68998
3073
46145
99387
336
96758
89288
6596
84734
20525
8852
73833
92217
3312
58523
21468
11640
90719
32485
21571
78807
9516
83800
34912
8654
47996
55555
41848
63308
84434
38516
25315
81778
57905
74264
91226
71926
32826
895
68853
86170
68317
28031
54066
2665
72141
83720
72760
63096
80813
23688
37645
47838
6297
67537
31757
82006
89388
97006
74474
89214
90982
58343
82372
29010
6369
43604
79625
22424
85888
85151
33684
75332
52664
95866
51848
427
35656
13208
8553
64715
69721
34186
42685
70758
15243
47489
8382
87119
70580
32590
55214
78746
30833
74605
53766
99696
61701
8903
57233
2329
83066
61347
11080
40417
74656
6019
86779
70632
86278
97129
83213
39150
4436
80949
73771
42611
15463
58509
40778
8867
39577
57259
34620
38301
24499
36180
3293
2675
90303
98987
60699
24962
28727
42096
65995
65562
99645
91981
78449
673
40861
80023
17908
39103
692
63809
69064
46620
28885
54415
36683
744
48743
87354
92811
67298
23968
99679
52635
68891
74865
62660
62794
21136
22288
5491
96671
77389
54906
31397
2816
29031
67677
36263
76309
97659
38776
95978
33179
95788
13523
55346
598
57044
16528
65025
41573
12878
78287
33186
8667
69417
39966
75866
33370
69425
4251
58708
62009
93412
49152
8172
59883
33229
23223
95556
27207
16445
82942
47543
54969
64757
