-7422
3894
-5581
-6760
5659
3555
6974
-2029
-853
-1402
-4640
-6555
4037
3200
-5579
8784
939
-9077
-9252
-2399
3757
-709
9439
-8525
-9877
1683
1836
9471
-137
5726
4140
-6153
5979
2362
5161
5001
9970
-1864
-9766
7880
-7107
-2050
2250
-497
-9264
-802
-632
-8038
5321
-1645
-8886
9306
5998
-8349
6879
3287
4454
-7057
-6883
-6025
-8282
7503
8108
3421
4458
-8487
-2535
-8326
8038
-581
8813
-7197
-9312
-7132
-5293
-4193
7040
-64
-9261
924
-7685
-127
-5851
-8493
4612
4834
-2152
4328
5482
-8126
-9454
7027
-4982
6258
6161
-4610
-159
8829
5045
9222
-8268
-2307
-6076
-4099
-458
8311
8617
3130
6943
1072
6247
-5482
-7797
2192
-8341
1845
3353
6601
8809
9624
3665
3137
-3808
6164
-1127
-8214
7784
-5570
-3293
9317
5965
8210
4891
-8484
-809
4622
-4051
8248
1965
6300
6216
4717
7384
-5591
-4373
6027
4823
2826
4598
-5684
2036
3240
-9980
5420
-4443
-1405
-8500
-2240
7027
-2245
-9474
4186
-3578
7626
5107
8036
-374
-9313
-7000
-2963
-4105
5105
-5365
-7492
-6593
8947
5752
-8217
536
2846
-3037
-5042
-169
-7609
-2720
-7275
8189
9470
5959
-9404
3121
8189
-8780
-5791
5773
-7971
-1706
9757
-698
-2409
-3600
4135
-175
-2439
8420
6930
-1396
7512
2013
-3390
2842
9717
7223
-5819
-9208
5568
-5645
-5969
346
2382
9846
156
-5272
-7596
3915
-2294
3885
-9574
-3266
-8623
652
5994
2480
-7055
-3555
2827
5132
-7730
-6029
350
4120
-9323
-2544
-652
-2247
3403
-9035
7038
-6583
-9795
7674
-5737
-589
6920
-2256
6244
-593
-2580
3645
713
-6956
-1822
778
636
5957
6847
-2764
4277
7736
-2035
-9564
-7915
-9940
9996
8261
9168
-7301
5379
4651
-9488
-3259
6847
7009
-3471
-6298
-3611
-3417
5560
5200
200
-6581
-2289
-1376
3258
-2695
-4058
-101
6820
3391
905
-3833
-3313
9302
5451
9768
5589
-5797
-585
8658
-1425
3544
4028
2769
3133
-6029
-3803
1169
-5752
-3067
-432
264
1675
9076
-2465
-5454
2724
3460
-3199
2691
2318
-731
-4121
-8012
-6255
4344
-9947
7545
-8443
-3240
-1887
-7814
7167
6901
-3375
6655
-609
4941
5491
-714
-8893
4773
-4350
-114
-6177
-9360
4491
-2390
1766
905
-2956
-7872
7401
6724
-3660
9306
-2335
2040
-976
8788
-6083
-1348
-389
7488
8819
-2619
3096
4773
2451
879
5154
7782
7969
7515
1583
7544
-6382
5992
8165
-6896
9853
2443
-4222
651
9716
-4015
-5215
-9557
561
-2682
-1010
7351
-4083
6702
-4631
2454
-4839
-1838
1067
6441
-2456
9717
5159
-9114
5750
-739
-5842
9885
-4860
-1204
5687
1673
3875
-4081
8935
1474
-7126
8960
7771
2834
-7404
2653
-5788
-4868
-8111
7803
1864
-8733
2146
9129
2382
5456
-5075
-8277
5560
-9864
7284
-5108
4900
455
-8173
-5101
5303
-8235
1631
7317
-6524
9998
7767
3894
-420
-3799
390
8232
3844
4890
5504
26
8997
7947
7396
-7109
-2261
-3990
6413
-9770
-3253
2151
358
8798
4190
7981
-5941
-2684
1007
7697
7350
-7553
3501
-5428
4327
1866
-6501
8251
-451
-3819
-4935
-3308
-2121
-9331
-5369
-2742
-4105
6953
3058
8935
7159
-708
-4649
1400
569
1324
-360
8968
9703
1598
-7859
-6927
-2775
6147
7540
3057
6524
4424
-6381
-4470
9391
-512
6461
232
5164
-9945
-5728
-312
4167
-3068
2086
-2894
4258
2071
-9462
-1943
7095
-7899
4002
-6997
-7774
-5470
8547
7950
-5961
-8008
9466
1731
-6872
1574
733
1470
3334
-2472
9544
-2329
2830
5119
6235
514
-2948
9951
-5199
2771
9511
5034
-1185
5154
5609
-517
5961
4423
-9579
-9384
-6696
4860
940
8510
-3808
3172
-9412
2540
-3440
-7407
6198
-9384
3772
-3271
2527
2866
5227
-8024
-4135
-6512
5950
-7726
9729
-4224
8439
-996
3176
-5688
6122
3645
5612
6310
1048
2717
-5776
-5317
6730
4319
-1074
-6938
-75
4512
3390
-7793
6572
8894
-8738
-7915
-7373
-7258
4255
3985
-1443
6933
-5335
-8971
5131
-4836
-9929
7188
9996
6276
6417
2914
-3020
9888
-432
-8946
-7495
-2157
6135
-9093
3049
-7198
3562
-8562
-1116
7521
-797
9544
-2258
1090
-8316
3380
9389
-8374
-2247
4115
-1949
-6806
-448
1566
4248
1738
-6934
3649
8094
-9524
5227
6684
-674
-9793
9579
4783
-3394
3348
-9065
-4246
-6630
-6773
2145
7609
5960
-9474
-555
-1095
4591
-6963
3525
-4647
2134
5452
3002
9310
8291
-5431
-3342
-8689
9736
9912
-6656
-1593
-7706
2518
218
-2466
1510
-3099
-3227
-3959
-9309
-8002
744
-5176
1049
1942
5605
3722
-7708
4161
9058
5056
-3049
-127
-5451
3873
-2796
-9731
6492
-7963
-3311
9624
-3982
-6543
9883
-6263
5314
-6559
307
-8089
7394
-2311
6264
-2516
-5338
136
-5292
-1822
-1740
-3652
-1037
2936
9018
-4425
-9146
-1713
-8544
2421
-2031
6345
-9670
1241
409
-5265
9351
-8933
5980
-2713
-5059
-2688
6628
2164
-6586
-9619
6766
1368
8792
9467
-4790
4413
-835
9025
2008
143
3074
3752
-9395
-9558
-7397
1595
-7720
-7107
5472
3962
-8420
-3847
7280
1528
-1868
-6405
4155
7421
-6763
-9052
-280
6798
-478
8637
-1192
-515
-505
-8011
-2790
3555
-2821
-8696
9233
-9735
1661
-4402
-9539
5538
-5317
3345
-4969
3734
6691
-549
8800
613
4088
-2737
1334
-8385
-9742
1744
5788
1059
-9577
6275
-5770
-8032
1633
3118
-7900
-9709
5682
-8084
-3218
-9724
-3081
7014
9867
-7467
-6867
8617
2737
-108
5916
5985
-9893
-9930
9836
8195
5397
-7768
654
-4405
3297
5435
-4485
-1827
9842
5385
-8632
8493
-6096
1565
1244
-5260
8052
4775
-7332
8524
-6307
7073
-2605
-1199
8481
-8360
9006
-4105
5143
-5563
6168
-5841
-7869
3438
7721
9868
-364
86
-1382
1347
4760
8746
7171
-5518
-8836
-5360
4713
-8829
8647
1175
7933
-4669
7402
-8688
4501
8323
4836
-8147
-2886
1656
6428
9619
3029
5405
9216
7209
6362
465
3844
1376
5104
-2034
-3844
1321
-6237
-5053
9901
-7087
-2364
3841
-3073
7834
-2752
-6033
-3496
836
-3244
-9181
8936
9397
-4969
-2218
-7029
6961
4918
5140
-4284
-8234
-4735
-6045
-1722
-5753
-2673
-2729
6071
-34
9175
-3919
7548
-446
8421
1922
4217
3273
-5272
8593
2371
-938
-1100
-1621
452
5542
1529
4446
-3656
-2678
-5006
-806
6402
-1377
9230
8134
7648
-6320
-4438
-7320
507
9977
-2104
6537
1661
-9325
-6730
-619
-9024
3109
3564
-302
2233
6324
-7231
6654
2865
6885
3503
2735
2717
2880
-9074
-1251
-5028
-20
-322
-1075
323
-9714
4274
537
-2290
-7952
-1914
2394
-8835
2363
6717
-224
2272
-7853
3470
3235
3757
5295
6961
-9922
-4147
-7424
-4731
-9238
176
2827
-38
7626
9050
9147
1564
-8319
997
4344
9058
-9311
8834
-6973
-8012
184
-1762
374
5488
-9498
-9833
-6274
-9538
570
9410
-2309
4991
-323
3018
-400
-6929
-2254
5017
3511
-9640
4882
2085
459
3343
-7982
-9202
5036
8778
7928
-6911
2781
4400
730
3307
-3224
1839
5479
-2912
-5234
-9406
-3550
2365
9392
8216
1359
-5845
-8113
-1338
-8603
1272
1311
-4329
-4678
-7334
-2895
8099
7778
7030
3469
9703
-4869
-5053
-7466
-2520
-3372
3290
-5739
6369
-3759
7760
-2408
-9342
250
2917
3910
-7483
2692
2242
-8016
7863
8911
-3627
7381
-3345
1778
-2891
-923
-1937
-3798
-1323
4061
8448
3618
-4937
5463
-8498
-169
1912
1588
8068
9893
-4482
-7579
-6364
-6320
653
5421
2405
-1244
-5412
-4594
-4465
5046
5606
-9208
8758
-2434
5878
5702
9519
-5787
6198
167
7564
-6301
-856
-2961
-4813
7453
2408
2685
-9220
-9346
-6084
7970
3392
-6048
3745
-7025
-8875
1688
6671
9306
-8387
-6730
-1475
-6598
8012
-5730
6705
3935
3952
6210
2068
3854
-6306
5351
-5144
9937
4536
-6387
233
4952
6348
1902
-5374
-5119
1129
7636
-2601
4805
3820
2903
4577
-2170
-2459
6892
-1447
4293
5174
-4259
-974
-9084
-9252
8472
8733
-5430
-1415
62
4275
8041
9095
3808
-1561
7511
-8546
-8281
-7042
-289
8643
-6357
2273
-9624
6871
-8101
-9885
-8951
-8367
-5762
-3687
-3198
-3203
562
-5238
-1206
4587
-683
4203
7875
3168
-9944
6295
-8933
-6640
-643
5710
-9988
-5536
7065
-3625
-4178
3934
8841
5649
1530
3468
-1350
-5955
8849
8357
7684
-7063
-5653
-6252
-2527
1244
-1468
-955
9644
-7076
2137
-2485
-4918
6542
8587
-2652
1205
7015
-2487
-3812
-9897
6584
-5433
7862
-9509
2868
-2045
4912
3232
5325
-4063
-4728
5354
9518
5484
7119
1947
7318
5887
8113
-2823
966
-5181
4141
4238
8306
-1149
-7701
7062
-5819
-7738
1634
6531
2660
8254
-8901
8369
-3515
-6743
4604
-6712
3619
5813
-5682
6986
-3135
2161
-4437
-8942
-8533
5400
3887
-8873
-600
9011
-864
1765
425
-6376
-7816
-5984
-4344
7850
-950
3063
4302
-1260
-7307
-8736
4384
8749
-4538
4060
-8718
4825
3557
5153
-9500
7154
-2628
-3856
-6713
-8759
5595
-1220
-1625
506
-2869
3649
-883
-666
-2056
-7139
-8928
588
7631
5769
-3237
1255
-7316
8124
-533
-5702
-3327
-7283
-62
9826
9845
4574
-4547
3983
1264
3270
6251
6040
-9272
-5585
-7745
-9731
-5313
-6205
-8391
-956
2147
-4950
805
-7399
2987
694
7193
7788
-1611
-755
4470
-752
6677
8989
4568
2877
8842
-1452
661
2556
-1804
5134
8070
4673
-3391
-4968
-141
3216
3514
-3507
-3432
8888
6515
-9577
2151
-8378
1912
-2663
-3161
-850
7381
-2336
-4407
-7982
8800
-2997
9362
-8261
-153
-623
-8573
6139
3134
-948
-9153
7013
-3021
6131
5991
-2046
-9165
-6023
-5727
-8104
-7323
5581
2732
6254
-3163
2945
-9036
1505
-8291
-8490
5175
-9469
-460
6051
5873
9606
-4330
-1881
-6631
-5864
-4934
428
-4247
-2538
9575
5138
4642
5780
1345
8884
-1685
3404
-6609
-6304
9341
-6782
4270
-6892
4902
6901
-1587
-78
4429
1623
3877
-9684
-2528
928
-9742
6384
-7716
2715
-9393
-9863
6830
2248
-172
-4731
6679
1699
8302
-4817
-9841
-7176
3195
-8229
7140
-4157
6710
2655
-4664
-7439
3217
-3533
5723
5143
5999
4130
3585
9258
-2334
-6286
5522
4960
6600
5599
2796
-6746
-3134
-2907
3390
-1000
-3571
-6797
8599
-6771
-238
1605
8427
2105
-6824
-8372
4218
-2398
1048
9722
9497
4140
-5587
-8314
6249
5697
1683
7420
-5967
4587
-339
-4801
-3776
7595
-1026
3886
8977
-384
9265
6335
6132
14
-2133
2494
-4619
-5607
5702
-8521
6082
-3963
-504
-2081
-6089
6877
6101
8656
8840
-4821
844
7692
7317
-991
9170
-5989
3567
-5438
-4619
-9169
-6869
-710
-7349
-5399
-1663
4713
-6410
-517
-3728
1919
6304
1855
9995
203
-8663
7995
-4909
-8259
-8713
-654
-8506
318
5045
3797
8772
-8428
9018
-2877
844
-6144
8926
-9182
9012
4870
8348
-3208
-6614
-5106
9581
-802
3287
-3382
2383
-3079
-1126
8988
7697
-2887
-2329
-8826
8920
1825
-6725
6035
9337
2812
4244
-1147
-4172
-3235
5695
6467
8638
-7584
2992
5485
2843
-4876
1855
4545
4609
-9804
-7840
2089
6059
4875
7935
-1876
-5078
9784
-6125
1904
9451
-330
-5065
-2900
7543
-7023
5532
-4464
2547
4532
9066
2816
3502
6819
-2021
-33
3928
3388
-3855
2572
5257
3125
-3436
8723
-335
1186
9975
-5538
4877
-3881
-6070
-3956
-7111
-6210
7015
-1032
7480
-4108
7942
-134
-408
-3682
-8003
-9923
-8870
-656
8586
9239
-3105
-2033
4196
1533
3638
1303
6646
-3674
-6895
-3788
7435
-3643
-6999
1070
658
-3572
601
3021
-74
-289
9804
9011
2487
-1964
5446
6279
-7021
-1061
1127
-3513
7593
-9679
2599
-9264
7566
-3091
1923
2397
2406
1586
-2857
688
-4137
1268
-1544
1585
-3136
8522
5659
5569
-525
-1891
9417
-1126
9434
-2116
5480
-3840
6087
7359
-1677
-2293
5198
6617
-1381
7113
3757
-7736
3503
-6251
4504
8204
-9385
8339
-7432
-885
3147
-8781
9579
-6140
-586
-5543
3279
5558
7012
-517
-9097
-6276
-8698
-318
1429
-4237
6309
5046
-6738
9436
5490
-755
-7352
1342
7827
-5400
-4981
1910
-8935
1271
-2506
-8923
-3694
319
4736
4261
-3420
2226
-2056
-6135
4428
9640
9605
9135
6210
32
-9038
-6180
2319
-1259
-8106
-4432
5077
-6869
3625
-6099
8570
-1764
-3967
-5186
9438
-8632
4492
-4259
-8011
9825
7418
982
4945
7168
9182
-5917
-2899
9397
-4993
5849
-360
-6487
5132
-2206
-6363
-8802
9591
2324
-624
-8074
-4000
-6826
6693
834
5690
8344
-3807
-6870
-5574
3060
-4853
3864
7146
6384
2614
-21
-1126
5151
-442
7811
8466
5679
8124
7775
4261
5056
3104
8238
-8824
8240
-8223
-7832
6364
-9937
3825
4243
4289
-5889
-8523
-9162
7889
-6029
4970
1947
702
5775
-3633
8747
5180
3658
2323
-5561
-7235
1564
-6541
320
-4950
8918
6572
-9366
-4760
-2046
-8047
-3814
1282
-7021
7499
7082
-7441
8371
5690
-5237
3673
-1281
9921
4494
-9291
-3824
-2927
8486
-1311
4356
-6943
-2482
-4084
7337
9402
-5200
6603
-6496
-808
5370
-2462
-9157
5598
-65
-7983
-1217
-9336
-2278
8275
-716
6188
6809
7967
-2440
766
4045
1642
-1036
-389
8874
1845
8086
1944
883
-5104
4435
-9730
3945
-6424
2699
-9521
9055
-822
-9680
7225
2830
3121
-14
2477
1926
-4489
9350
-9790
9404
8167
-3752
-450
8355
-3429
-4644
3157
-2362
3893
318
-6475
-549
-1102
-5286
-4962
-2418
-1487
-3281
-5854
-4424
-1195
7133
-2370
7647
335
7935
-9076
-8344
6487
7685
3362
2495
7876
2540
2716
8648
-5116
-8086
-2626
8219
9541
2841
-4839
8859
6795
-2227
-6068
-1594
-5052
-5105
-6587
8792
5203
4633
599
-8967
8618
1903
-1980
-1365
-5568
1501
1150
6207
6956
1029
1574
6358
1998
-3610
-7303
-3402
9345
-4074
-3966
5964
1971
-1229
-9148
-7439
4003
2517
6707
1592
4272
4570
7291
-6758
-8060
1682
-9970
2981
3893
8738
3787
-1960
-8310
-1047
-8097
-4235
6198
-2426
6408
8558
-7803
6814
9447
-724
-1401
4635
-938
-154
1050
-4541
4632
1914
4793
9558
-8065
-7614
3738
-1668
4417
-9685
-3640
-284
2704
-9394
2139
7993
4273
-6983
-3133
5087
-3638
-3571
6108
8149
-606
7457
5123
-1986
4643
-2695
-7380
183
-8070
-1566
-5895
-8128
3247
-7868
-2982
9517
2026
-2134
3156
6093
2198
2481
-5891
8840
7137
605
-9639
-3956
-7022
5963
9097
-1797
5806
6643
163
-5522
-2738
-4277
3689
-2889
7695
6176
-2215
-5730
6500
267
-5254
2141
5999
-2650
-6940
8495
3272
-9985
-4049
6913
3347
6282
877
-5963
-3057
6575
-2796
-4033
-663
5902
-3934
6603
1968
-7461
2254
-3697
4177
-3955
8398
6021
-5305
9839
-7661
-3130
-4142
-1780
44
5628
2902
-9399
4931
5790
691
3249
1130
980
4846
-349
-9833
-8881
-1028
-8182
4933
-9402
-5800
-1858
-9828
3460
5096
6757
-5682
-2773
-8383
-70
2217
3508
3942
-5993
8178
8723
-3470
1576
3064
-1265
-9029
275
-4089
8719
1408
-8727
1457
-5475
-4123
7278
-2952
-7123
-5094
-8259
-7331
7715
-1953
6584
-9469
6145
6282
-2296
4173
-9239
-8968
7622
7037
838
1472
-8557
4589
7396
-1247
-3803
9627
3925
-7769
-8547
-7949
3822
-4700
9792
-8651
-5662
-7119
-661
-1398
2201
-8663
-9538
676
-55
1044
6918
2452
3266
6101
-4850
7686
3786
-5764
-9382
3052
-5567
-7311
-348
4124
8708
-7886
-1256
5484
-3407
4533
-3291
845
6490
-3646
-166
7880
1692
-980
-5165
-500
1010
767
-5357
-3648
1834
3744
-3640
7823
7081
-6234
-1735
-415
-5319
-3260
6916
-8351
3229
5215
-107
87
2593
-5022
-5918
5412
-5666
-3927
5962
-3089
-3733
-2731
-4006
-5235
9400
1117
-7958
3666
8046
-6700
-7711
-5037
5753
921
8403
-7173
-3733
7123
-3837
-251
-562
-1816
-5350
6477
9126
4748
6907
-3969
-3316
-770
-7983
-4239
7782
9448
1555
-189
7772
-6501
185
3563
-5303
-6750
-6397
-71
2925
-5071
4334
-8328
-3426
-8745
-856
-2789
9909
-3788
7473
8082
-7381
-483
-4361
-5348
4210
6010
-3019
-1185
-8718
6528
-2819
6304
9365
-1408
-4946
-7232
-3062
2599
-4948
-3812
-5419
4721
-6449
4196
-9586
5234
9456
-4571
-9915
4806
-4149
1569
-8025
3473
-2808
-1745
7860
-4468
9353
-1314
6268
4787
-1354
6396
7748
8029
-7694
7982
6200
-3624
-9728
-2691
-8840
1284
3501
-2103
-4035
1442
-5762
8975
6553
-8449
-1271
-3524
677
5612
4329
-4108
-8601
6799
-5093
-8595
3246
6365
-81
-207
-3925
-2845
6448
-7616
2928
-8526
-772
3709
4534
8541
409
690
9972
9295
-7710
-3582
-8706
-9623
2132
4717
-3942
-7830
-4281
-7864
-6300
6414
6582
9401
-8532
8866
4063
-5206
-8635
-6293
-8179
8809
4993
-8147
-3953
5079
2323
5020
1942
2135
-4797
-6362
-4081
-7896
4508
8489
-9890
2869
-5767
5202
-6265
-6096
-8564
4312
8684
6513
-5109
-174
2240
5667
-5522
-4386
-675
6264
7473
-6520
1424
9441
4330
7052
-7606
1037
228
3583
6932
-9939
494
4478
-5108
-7021
8755
-8806
-9439
-3838
9972
7916
7373
-9319
-6832
-467
188
-7504
-7221
6274
-2343
9588
4313
-345
-5369
1028
-2936
-9331
8538
-2820
2808
2697
3676
-2148
7379
8623
-3982
413
-5067
-739
6911
-6716
-4947
-6837
6292
9556
-3894
743
6272
-5204
-3136
9897
-1742
3953
-4074
7344
-4253
-9161
-154
3864
5914
8086
-7345
3381
3353
-2725
-5760
-480
-6699
-5455
-6486
9775
7562
3518
9363
-5628
4535
1150
3362
-4925
-5079
6321
-5604
3741
-9685
2910
-5562
9722
-8074
-9965
2875
-4821
-9434
1069
3346
8824
-9371
1672
-191
-983
5315
6586
-2559
1727
-8719
-2912
-7665
4740
4589
-8447
-7191
4597
-2523
-5230
-1057
9592
3689
-1087
3065
-9557
-7164
-5483
-2406
-6734
1669
8335
9208
-3508
-9829
-9462
-6257
-7137
-8660
-5655
-241
-1665
-1120
2668
2459
3227
575
-302
-4867
-9628
7225
8277
7702
5795
-7874
3753
-4865
1715
8606
-634
-3819
798
-1009
-5826
-9942
-7054
-2121
5842
4568
4051
7810
9946
3257
-6869
5011
-9393
712
-8980
6453
9838
-133
3137
9384
-2779
-3960
3391
-9367
-6588
-5634
-3583
5403
2027
-5744
1974
8164
8961
9343
-5295
2610
-487
-4653
4732
5129
1081
-7439
7279
-4980
4570
-9216
-8482
-6959
-5886
5262
8768
9498
3043
1413
-8230
8133
-3334
-7688
-5533
1475
-1849
8647
-4217
5689
-8718
-5033
6050
-8736
-3993
-1591
-3061
4490
5135
8007
-1698
-5341
-1239
-1630
-3937
-7372
-7152
-6624
1289
6764
-4513
2475
-4880
-2453
7573
-3429
-4056
-2799
-9120
-6744
-3022
2434
6777
-8411
-6262
-397
-5266
-9747
7033
5704
-1678
-5722
-5638
5035
-6889
7110
-628
8295
6249
-8162
-1373
-5225
-2643
-981
202
-1194
9846
-1498
-6309
9435
-7535
9738
3610
1879
1029
5867
-2119
-2829
-5368
6459
7894
-7405
-3658
5585
-1559
-8791
-1888
84
-5564
-9537
7199
-2352
951
9041
4629
-7797
-4924
-2242
1387
4931
-243
6231
6562
7598
3238
-1416
667
2483
-5994
-2757
-772
-7799
3662
9789
-6056
-3968
8432
1772
-9423
-1007
-9307
-239
-5934
-6773
-7764
4817
-1213
4568
7250
-1174
791
-9877
5783
-299
-3298
-8338
-3968
-1256
-7654
9857
541
5629
-3922
7192
1234
4997
3985
1161
5097
-1404
-6230
3303
-2820
-7606
4237
9995
2164
3334
5362
8421
9797
6098
5233
5180
6452
-896
-3583
-6039
3087
-7719
9999
-312
-574
-9280
8451
-4936
-6317
-3126
1992
-2762
-9169
7625
9471
-1347
-4945
7487
2942
3389
5464
-3293
-502
2697
3381
-6075
-9941
4443
-9605
898
-9260
-7871
-1420
24
8074
2816
-1403
4082
-6123
-3540
-6057
-828
6312
-4710
-8658
-1877
7590
-7829
6627
-3420
124
8965
6162
3028
-1503
-3620
2782
-2698
6306
-4499
-9340
-5993
-5331
2785
-3867
-138
8658
806
9551
-3345
-9945
973
3609
-3518
-554
-3709
395
-5792
1355
-4742
-3666
7888
7816
3814
-9226
-8225
-4033
5551
-8473
1694
-9967
-8706
7775
8376
-4201
9935
-5497
-6473
9156
1479
-535
-3217
-7380
-28
-3476
9150
-4645
-321
-6418
-7795
5985
-1426
5946
1048
9166
-7228
-3809
854
2010
-5642
-6105
-6894
-721
-2144
-3379
8760
3198
5233
-9317
-490
-8213
-3132
-4949
9876
5792
9551
5267
-2156
-2710
-8377
6419
6287
1969
9321
5709
1458
-4652
-3273
9209
-6974
3743
3649
1516
4798
-2417
-3642
7504
4763
-6650
-2237
-4048
121
-1004
4071
-9582
-883
-6477
6070
5255
9615
-2496
8347
-6437
387
-2062
-2393
1136
-43
2147
5162
3412
-3530
6023
7656
5767
-1863
5351
253
2292
-567
-7953
-9497
-5507
9526
5671
-3703
-2709
7898
8903
-3409
-2065
-722
1471
9594
5521
5395
85
-8872
-3141
9976
5222
-2454
-7384
-1812
4351
9481
4098
1339
8304
2280
3765
3270
-6223
-4179
7567
-2999
3854
-5963
4715
-8360
-9685
3237
1054
-4445
-2774
-5866
4999
6429
-7866
-9629
8052
4223
-6607
2315
4211
4500
7887
6305
-4825
6190
2199
5951
9594
-3378
2826
4665
-4500
-4350
-7974
-1480
-8459
-3953
-3587
-4782
9660
-8016
6492
7060
-9039
216
-5518
7669
-795
7932
4228
9542
-124
1462
1609
-6933
-887
7549
8862
8525
-560
-5636
3643
-5569
2729
2561
8634
-652
4402
3613
8829
2004
-2191
8174
2654
2227
8007
-9173
5344
4958
1707
4530
-3254
-8339
2394
3284
-5211
4037
4040
8959
9407
-6008
-2815
-2113
5778
5296
-1659
2061
-5669
-1601
1582
5133
-6734
5591
9103
-7777
1732
1701
8807
9382
-4940
-1715
-7796
-6096
-3182
4909
7617
1981
2036
9444
-2228
-5404
5308
5443
4205
4836
-5182
9922
-7604
7357
-6114
-4055
6496
-3056
-6624
6574
1263
1154
-7442
170
-8448
3087
5230
4657
3898
1122
-8213
-6719
-8931
-9132
7678
6359
-9976
-5114
-9373
-3015
9824
-2177
-8615
-5734
7404
1809
-696
-8551
5496
9114
1789
5260
-9472
243
-6354
-3537
-577
-8135
7892
4684
-635
-9350
-8456
-6917
3049
-8463
8853
-8472
9679
-2474
-4080
1609
-3684
6390
6749
-6560
-232
8291
2766
-258
-6217
3780
9160
4784
9333
-3473
-7247
825
7222
1215
-3065
8159
-3006
-4057
7619
9174
-3721
8302
1217
5867
2956
-2224
-8230
-2031
3193
-9821
-1056
-5863
3494
-9795
6694
1132
-901
-1851
900
5585
-8511
-3241
-6250
-3478
8784
-1973
-5694
-1537
-9409
-2239
-5385
-9628
8770
7575
7160
1466
-2926
6899
6785
6007
2010
1191
-8409
9153
7583
8615
7331
7016
4520
5803
-941
8845
5042
-7966
7684
9520
4551
-5305
7082
-5071
-6531
3306
-2622
-4569
5564
-1429
-4633
5919
-6955
-4772
-5942
2200
1363
4893
-6426
298
-4832
-5404
-1061
-9831
696
-2710
3943
-5212
8702
-4231
-4671
6735
9890
7640
6914
-7622
9816
1856
2537
8703
-6188
6159
-6411
-989
3248
-8589
3971
-709
1744
6858
-2519
-9851
8460
-2615
4351
-45
5756
6913
4232
6179
9363
-7410
-3271
-206
-6759
-1369
6028
-4596
-1686
-8321
2384
9506
-7645
-5130
-3514
-992
-8993
9927
-3079
-716
3318
-5349
3043
-8157
8287
-4820
8275
2505
-6711
-3041
-3378
-7097
7623
6358
9340
-8779
-570
3795
-4230
-5384
-4617
-1434
-9023
65
-5526
-2025
7793
3589
-9101
-4658
-1052
5828
-8
-5052
-7140
4712
-453
-5114
1506
8060
356
-6478
-7885
-8646
5056
-520
-8118
-4003
-4470
-4736
9578
-2788
4156
-7696
-6100
-5248
-6327
-7023
7368
312
-2614
-5315
1606
7946
8011
794
2911
2675
3497
-5372
1674
-5457
-7712
-2291
4260
-8140
-3549
9622
5009
4994
-3908
1796
-1941
5634
-4237
-8265
-8329
-2313
-8953
8108
1038
-3430
-2483
-8807
673
-4330
1916
-5831
-6657
-5738
6569
-793
2499
-9098
3590
5035
-5077
-3553
-1957
-7961
8300
-5950
-2032
-7626
-5780
5590
6626
5972
2182
6275
-878
-4777
1627
5389
3589
-4896
7026
-8906
7035
-1410
-56
-7718
6279
747
8424
6884
9296
-2844
-7957
728
6812
5224
9644
9007
9807
-3013
8602
-4857
6973
5083
-957
5943
1986
-2932
5139
1345
7579
7110
-2688
-1514
8008
-6172
-589
9453
2095
6018
-2229
7220
-6051
-2665
6294
-531
3928
-8546
9462
3898
-4421
2619
5581
-3399
-3498
1883
-5879
-8048
9546
4000
296
-790
5607
-2921
9304
-7815
9844
3557
2720
2983
-4188
-9810
-3088
-6211
9215
-8619
-8807
-363
8788
9573
-7985
532
-2395
-8759
-4234
-5040
-8472
-9290
-8016
-3875
9707
-2541
9906
8094
-4278
8561
-8387
6870
-1970
4108
-375
-9629
-1267
-3521
-1915
-4612
-4293
1792
-2615
-4880
689
4483
-6837
9973
1985
9763
-8396
4366
-8688
4344
-9343
9133
1572
-3406
3276
8353
-9716
-1182
8067
-9346
9768
-5677
-8393
-5320
-52
-8356
-8202
-8874
3156
-9622
9253
-264
3324
6863
5435
-4777
-5705
9933
-3891
-4042
6956
-2754
5557
3685
3451
491
-1202
-7861
3203
-269
-4897
6888
3725
-3269
-4648
-3634
2876
8483
24
340
7965
-9522
-8790
-9066
5091
920
-4192
4709
1158
-1948
4058
-9649
-7291
2108
-6303
2521
-1235
-2079
1228
9456
2845
9659
-2077
-6576
5274
-7636
6011
-3407
1510
-931
2347
-4189
-92
5768
-2007
6478
-3964
4623
8593
-7470
-5317
4089
980
-4849
5673
-5248
4179
-8384
-6967
2831
7600
-5046
-2745
568
7494
8306
2554
7785
-4341
2727
4908
9215
-6802
-7911
5704
-1754
442
-3060
-5886
-2782
-3516
4142
-673
-1303
4773
8756
-1322
-7228
-2250
522
-1816
4395
-6441
8679
1469
-2608
8556
9340
8273
-313
-6077
-1749
-1037
-4134
-2379
-4532
890
-1109
-554
-2573
4309
-2762
7501
5814
-3653
-6543
5626
8557
5795
8738
-373
-218
35
5137
-5457
-9487
5655
-5482
619
-1689
-311
1102
-1333
4427
-6706
8233
-4821
-6539
-8924
-696
-2135
9787
3325
-9678
6212
-9055
6893
-2255
2332
-1988
1765
9999
-6455
9534
-9940
4141
8215
3825
-8678
-2893
-187
-3628
8271
-8866
7737
-6793
8571
-6926
2519
-1887
8278
2165
7481
-3510
872
-161
6456
-288
8925
-6402
-6380
-2090
2186
-7393
6545
-310
-2444
-868
4367
-847
-9983
1353
-7862
3968
9491
-8507
-8484
2191
-7415
3004
-7626
3819
5225
-5782
-267
9600
-7482
7055
-1338
221
7684
-1497
4899
7724
-6513
-8097
4185
5664
-5412
-1954
5651
-562
-1294
-6634
-1904
-3075
26
-6488
-3002
-622
-1677
-5735
-2873
-4079
-8777
-199
2684
-2032
2873
6945
-2828
501
-9530
-5854
1469
1514
6453
-5587
480
7588
-2692
-4149
-2398
4538
7353
2935
-4888
1859
6121
-7192
-427
9005
56
9283
-8103
3418
-8624
-1022
6500
3686
-782
-3783
-7210
-2357
-9126
-4851
-1032
-5440
1897
6581
471
-4388
3031
-590
-7930
-7529
6663
2588
-1432
-1712
-5312
-9175
1846
65
-2628
-1834
-9555
-8814
-7752
8050
138
-2526
-2087
6794
-1630
-8910
-6939
9959
3663
2203
-6033
-9448
9962
9539
2337
-6040
-4027
-9354
7213
9426
6755
-1213
-9590
-1788
-1003
-1608
4370
2725
-9729
2708
-5296
-2219
-7688
3846
-3557
-7004
7699
6236
-8961
-9021
9410
6704
8924
6364
-5679
-5864
-9137
2306
7728
-6589
-7808
9799
-6027
-7178
-8705
-8650
-2936
9700
-2203
9977
-3280
335
9688
-9045
-2501
6185
8239
-3885
3096
-660
-3740
-264
9606
6233
-9985
-9950
-138
-5954
-6109
-5139
-2471
-7937
4997
6859
515
-5096
-6192
9489
2550
-4908
5932
7999
-1561
-8938
4259
-926
7015
7969
-1136
-1865
-4104
4747
9210
-1613
7150
2455
-9807
-2261
-7194
-8756
1488
-6982
5808
-7064
2448
-5344
5338
-7172
440
-7405
2376
8750
3565
-1997
3408
-1739
-8703
8543
-8026
940
-6965
1893
5181
5755
8964
2781
-7147
-3391
9708
8059
-5289
6069
6682
1305
3604
2913
-7810
-4497
-1386
-398
3735
4187
-2472
-3731
5759
-2854
-8818
1206
4979
-1111
1158
-8351
-4235
1866
8209
9594
-2163
-9947
-6029
9667
-8197
-1271
-6881
2380
7883
6307
-7933
-7741
4399
-9506
-3930
5793
-71
2371
7205
-1153
-5636
-1089
9996
1818
1598
1646
1629
819
-3100
-6938
303
-5184
3095
4009
-4924
-7863
-8469
-1054
-2201
-4994
1067
5148
-1614
9451
-4922
8922
6807
4484
-7182
5365
1719
3393
4660
-639
5230
8925
-9944
2153
-1932
156
7099
2300
-4520
4821
-3997
7251
-837
-9611
5418
-6067
4261
-9018
-5429
2198
7780
-784
-9475
-9456
-3260
2675
4839
7145
-1999
1535
1342
6909
155
-6267
8778
-3850
-7919
-622
-9122
7643
-2094
8767
-333
3565
3448
-2174
-241
6417
9066
8885
-8897
736
-1178
-7539
1581
-3986
8399
9511
-4587
5392
5317
9954
-5702
3945
-6522
-907
-2905
-4571
-8389
-733
-8148
-5118
-9896
-3072
-5708
9013
9548
-3040
-2904
8913
-7084
8421
8079
-884
431
-9394
-1913
-2307
2152
2764
-2249
-7431
-6035
-4514
-7675
-2048
4468
5722
87
-5646
-9270
-5671
4806
-202
7032
6220
632
-8107
8169
2568
-3534
1439
2414
-3501
2475
6896
-8126
5182
-6487
-7128
-8994
9402
3277
-1154
-8484
9282
-9083
4617
-5398
6340
-5456
-6175
6873
-7258
8182
8586
-6386
-1720
2083
4210
-27
-3806
-476
9584
-3702
6311
155
7465
3010
-4571
-3923
9285
2209
-2786
-6652
-8672
1052
-4041
-1718
7750
5303
6015
7290
-8171
-1977
-7360
4566
-328
-1683
3888
3281
3594
-6901
-697
2898
4812
-122
3692
-7452
-4795
-873
-6548
-8394
9173
262
-4741
1616
-342
9393
6853
-2466
7654
9998
4332
8906
3958
-1097
-2306
1560
-6343
-8256
-9518
-853
9122
2148
2483
6185
-7095
4315
-1464
1450
7359
-6589
-6923
-1377
1851
4408
8117
1566
-7236
1024
-5092
279
1463
-3646
5626
3595
-1233
396
8940
-4092
-7817
-7868
8890
-6540
-1356
4304
-7516
-2976
7779
-927
-1290
5342
856
-4597
174
4243
6921
-4291
-2945
9549
785
6128
-1204
2633
6836
203
7683
2767
6522
8887
-2582
2508
5375
-7373
-734
5227
-5479
9616
9978
7546
1923
1092
3787
3690
-7687
-435
9422
-3940
6179
-8617
6674
-6943
-6660
9390
5123
-3945
3335
-3743
-3377
8441
6620
-283
502
8891
-8346
6201
9967
-1771
6136
4946
-279
7304
-4270
-491
-2374
9692
-7659
5105
319
-2729
781
1623
6587
5139
-7787
-5640
-832
5984
-2496
-6789
-8108
8263
2993
-8463
-9075
-7794
-9410
4895
2035
-3888
-403
1192
-77
-8768
1661
9369
7327
3831
1764
5430
-6286
8230
5937
9352
-2340
-5003
3129
5363
6678
7294
-2967
-6017
-9276
2925
3054
1458
-5689
-5807
-1417
-4581
9102
-2555
-6931
-5793
7673
9588
-8300
5355
-6523
-7156
-2967
5337
-5781
2074
9496
-6338
-7675
3641
3877
5928
-923
-4773
8217
4741
9078
-4386
468
6997
-1822
-9797
5058
3133
-4753
-3656
6327
6268
5160
1730
-8322
-1929
-6703
7773
1885
3834
261
1696
9764
-1350
3428
-608
-868
670
316
2655
6342
3875
-772
-1672
-4872
2059
-881
-5298
-2823
-6726
-2215
3899
89
7874
5746
-6772
-1499
595
1962
-4195
2631
1303
3341
-5617
-5520
-2618
-4150
-8182
-6431
8785
1070
-5613
-7183
2592
2
-7548
-2961
-3169
-3399
-381
8951
8594
596
-1390
-3952
6361
-8394
-8111
2903
199
-9110
8536
8707
-5490
-9977
-4961
-9467
-5155
-6153
7746
-3791
-2699
-8867
-1609
2204
-6602
1082
7497
-2128
3293
6189
-8331
-6007
-7657
-3147
4036
-9294
-5269
8334
-1881
-4225
-6040
-1086
3369
7894
2534
-4320
8306
2568
-5038
-8082
-7807
-7016
-1145
-6590
1650
7461
-7795
6406
-7350
-4721
-5891
4016
9609
4010
9221
4543
6364
7656
-4013
-5667
5802
-3490
5728
1971
-7752
8386
-2236
496
9669
7717
2775
-5071
-7090
1374
3995
8685
5137
8933
5203
6575
8500
-1676
5684
-7161
-8335
-56
-695
9358
8673
7990
-684
-9350
-3419