3028
3976
405
4634
1760
4131
2693
5837
2353
8967
2838
976
3369
1482
4493
5496
8863
3921
7387
7783
9976
9927
3098
5269
200
8479
4234
6294
8337
8803
3209
4840
9485
315
9071
6986
4778
8377
3037
4041
2306
9238
5741
7964
8242
3701
3400
6317
4432
5182
1587
1042
7383
7688
3438
2065
6146
4316
8908
6080
3624
5747
4618
2886
3935
8990
7354
9690
3354
5449
4990
8223
3890
9792
6656
4567
7886
7324
2565
5806
7129
3822
3618
1598
8121
4821
8793
7995
1892
9612
1567
7015
7807
3875
6251
9998
5432
6368
9116
6119
6556
6173
8073
1728
8915
6204
8600
5099
9378
7314
6939
6694
5992
4062
820
1463
3557
4410
5663
87
6388
1999
171
4230
1810
4794
8965
2352
7494
8995
3115
109
2310
134
6846
46
2338
9032
9926
759
8079
1744
9930
849
1057
480
3950
2141
2903
2396
6628
2149
9399
1583
4012
3394
4620
5529
2948
8990
14
8898
6670
9628
1174
8084
209
2191
4104
4192
8019
3835
6665
6046
9797
5410
2116
9755
6096
3866
2619
9608
8053
1543
7036
9090
6389
2182
6155
2626
4639
962
1439
2844
867
2965
491
4944
4155
2365
3286
6865
9837
4392
9538
4844
7927
3549
3959
9730
1530
1771
4574
9774
7595
294
713
4328
992
554
4107
8529
4435
455
8968
68
7064
854
8356
7852
6342
6671
7184
3934
975
1816
5100
5506
8746
4896
8265
3395
7064
1171
249
2455
8972
356
4749
7666
1608
1189
8943
3969
842
1134
9194
9403
3174
1570
3074
3738
942
2624
6954
8819
5302
8564
6957
2359
6198
3594
1069
3864
259
8540
963
6873
3222
2725
4697
2475
8134
2223
3005
3336
929
6922
1634
3187
9417
320
257
5282
9658
5216
4257
4884
9146
2294
6221
5258
4165
4407
4787
9934
3649
7098
425
2227
8489
8128
2992
2712
2188
5159
5826
2819
6067
2588
627
6016
574
7670
3667
6852
587
1685
3503
2311
2907
4307
5983
2827
2923
6627
5636
760
6543
8570
852
4615
6102
3835
8363
6519
9850
8360
4151
7312
2237
5050
9538
3525
9317
9418
5859
5394
6123
7316
2818
6169
899
9729
5742
3802
7891
1416
8061
6859
5173
6885
1957
3185
6441
8642
6020
9101
5561
223
3108
7416
2178
8451
500
85
609
8224
280
7023
8349
7614
3914
7430
9141
3853
5287
8577
298
3256
1634
9779
5730
322
6733
8370
9330
335
6426
6867
7355
9297
6035
8771
5929
5490
9591
4815
3348
4669
6160
7647
653
9957
5359
1955
5172
5185
256
843
4733
912
5095
2931
6438
3263
6514
7247
6233
2029
8206
2844
1068
4621
1615
8435
5491
8553
5275
5756
3050
5440
8747
7033
5771
3918
8691
1645
3232
837
7415
5839
3355
386
5839
303
3324
3509
6221
3717
655
3568
3111
8057
354
6333
3865
7689
2035
8679
2170
4191
1304
8425
7969
3662
3697
9650
145
2461
3911
8056
6007
2620
8756
8014
2651
454
7339
2367
3692
6709
5404
4912
6464
5632
2574
553
3002
691
4488
8301
2043
8627
2045
6057
8866
6342
7821
1060
6050
7056
7578
1129
7336
2325
7677
4329
9211
6962
913
3243
4536
5004
7810
1358
5087
574
5939
2550
3893
2394
4901
8290
2135
1240
2968
4912
8678
756
271
5074
2311
5923
5936
1376
8598
7757
3492
1440
1663
9428
9613
7889
4822
5529
1159
5036
4731
2437
1618
7545
6086
7518
695
1884
3922
6678
1376
9386
8203
6393
5693
6603
514
779
9538
8151
7181
7254
862
6705
4196
5193
5986
1444
1000
9589
6917
8083
7886
5096
1558
8904
5235
2997
5580
5554
8404
5216
3320
3091
6624
842
5608
728
2887
1333
9093
6808
9387
4000
9201
4705
3391
1253
3270
4229
2128
1008
725
3841
7139
801
4936
7495
4710
5278
1236
7547
3869
9104
8908
3013
8057
7723
3745
9188
5616
688
9169
7854
4017
2700
1912
9177
8031
2135
3755
5994
7356
4914
8515
1407
7486
1475
3015
2450
2950
7272
9504
2764
6043
4670
4832
2570
8083
6907
7632
7386
1381
5057
1727
6777
2480
8662
6249
9092
4733
7452
2404
8088
1158
604
7211
2142
8548
2205
5150
297
2458
2376
4573
6105
229
1134
262
3654
5772
8204
801
8981
4927
1846
7872
2929
2181
8934
930
1410
7278
242
3744
1288
2339
6006
4243
7099
3085
932
2202
9913
3498
8602
1499
7000
2068
4005
8462
6470
5173
5997
2976
950
9169
6657
8859
5025
2898
8723
1100
1245
5358
4693
1857
1611
3273
4258
2341
6522
7171
9452
3134
5016
1344
5135
6091
7119
3622
2444
6773
7916
5814
5774
6822
8822
6522
9915
3396
6037
4727
5470
9964
7972
1240
7756
6167
2098
2860
4390
577
5987
6671
4976
7291
8624
1869
223
8919
55
6887
875
1293
8216
460
6662
8250
5750
5920
9681
3901
1522
678
3120
5326
6903
4275
1262
6790
7232
8056
7215
3894
1592
1185
8763
1028
6644
3388
501
6147
9809
2826
3973
1045
8246
7293
2167
6749
8867
3116
9857
8087
8577
1782
1358
933
9175
9690
857
4585
1647
7943
7638
445
5257
6691
9021
3152
3210
7177
4221
4114
8557
8590
2699
2331
622
660
6495
3036
3950
5405
8095
4943
8313
6746
6350
2075
7671
9335
3375
9903
8253
8918
156
6908
5173
7491
9787
6983
3501
8215
8561
5129
5179
5184
5232
9042
260
2188
3950
6843
1946
4517
7161
2935
9170
5905
5011
6795
2049
9595
2173
4250
6900
8985
5322
6045
1320
7837
447
4761
2829
1425
7857
9543
3492
460
212
9042
9280
199
5560
9267
8139
7930
5554
1061
5611
6208
774
4489
6577
8942
5727
4649
6278
8963
5330
5876
9964
2662
8250
3523
7983
3420
8077
2657
7730
4235
1366
1714
6196
5810
4221
92
1395
7211
1148
9212
93
6884
6734
6683
6898
7537
7116
3959
3585
7104
4966
2298
5678
2343
4461
9591
1717
5877
5160
8026
7573
5071
7788
788
2993
9789
7030
5109
5057
2411
2848
2556
9102
1828
6322
2143
8441
2301
7884
2280
717
3437
9871
6383
5968
7847
7097
1425
2515
908
7461
8839
4269
4678
9705
5373
5983
6396
2260
3320
1299
1760
7429
1593
1181
1165
1221
976
4010
1537
6938
1616
5356
7799
2651
7070
2239
5298
4815
2379
9588
5945
7829
1011
7125
2019
295
5226
3275
7750
8850
5846
3941
5240
5716
8167
5391
7471
7072
7049
2370
6948
3311
1062
1768
3147
6158
9321
4078
5042
4230
3688
5024
2782
8730
3877
4946
5937
603
8014
1575
4578
2207
864
120
9855
3239
5403
9406
9608
3807
4054
3318
7204
2351
97
2589
2503
3772
8713
514
9852
6357
4493
4059
6552
4663
2558
9163
5361
3230
7781
4703
4907
9947
3492
4250
7366
7158
5583
3122
7204
2371
2458
2354
4223
5213
3770
4755
334
5093
7161
8957
9517
5278
189
3181
1112
4978
9504
1180
676
2225
9648
609
9654
3769
6355
289
6462
1861
2222
3164
7361
8184
7887
8584
7446
3729
7179
7711
9961
7914
5254
4120
8395
8841
2153
6985
4683
6719
8580
4499
3016
2277
6035
4054
3071
2026
6543
542
9068
6818
5862
3394
1616
1918
6826
4065
6774
8667
9775
1099
9718
8909
7122
3036
2726
855
37
6376
4364
6866
8197
4416
478
3468
538
5751
5547
711
7276
4546
1158
3328
1783
9825
536
4874
9038
902
396
3612
6775
6197
7287
7518
6135
3300
431
5336
7147
6324
95
9276
6052
8934
2364
3808
4837
20
1140
4679
1602
2195
7471
9946
4398
2123
2816
8682
1460
7789
6212
6357
8280
4980
1195
2175
5422
8100
2066
9840
8341
3231
3786
5002
8984
3202
4705
5124
8991
7320
4887
4148
7407
2747
870
3209
5080
8560
8329
4805
7014
6879
3628
9610
5999
1658
9399
2846
4790
1445
8878
2276
5417
1623
9801
2078
4517
3080
3853
168
4774
8545
2028
647
7369
1688
7199
9139
5811
4922
6337
5920
7760
865
5066
3210
4384
5764
8561
7128
477
8737
463
4545
7337
8719
7907
5752
101
7153
3848
5745
6111
2990
4127
4793
8293
6870
9911
6265
5800
8572
2320
8156
9237
5370
6275
6124
9387
7930
3800
6453
1712
4941
9209
1621
6448
8289
839
6955
2021
3106
4459
1144
4985
3554
1810
6995
7486
2529
881
1882
9307
7437
8534
9770
8908
6767
7939
9662
554
6714
3630
6361
2872
3314
1346
6430
7221
7538
5603
319
1701
3233
524
10
6802
4649
7011
6022
9084
3932
6130
1763
1485
4978
2744
8084
214
4079
8878
7250
2369
9069
4354
5247
8047
7879
3374
1872
4244
4193
6195
4591
1533
1817
7827
8054
562
1167
1350
7748
2404
3761
4377
6701
9886
3930
5338
9229
8403
8523
19
6650
8192
1657
2849
3429
5737
8362
9660
740
7453
5481
1766
4768
8864
1115
5784
7475
5646
3242
1560
9132
2393
3282
9616
3650
1855
8535
6409
7511
8638
3022
7575
7848
5938
8795
5226
2202
7229
5941
197
6883
2086
7678
4922
7610
5230
6627
4632
348
2313
659
9502
3030
9266
9670
546
9606
7227
6857
7194
5575
265
8636
9762
4036
4614
2840
3884
7803
5952
8350
6969
54
4548
5721
7709
5356
5657
1718
1837
1074
1780
9467
877
8606
6925
3448
1341
3948
3177
6458
5218
6883
3379
5660
9427
8534
4413
7348
8817
1443
1291
8540
8042
2694
2267
7163
2859
566
7629
4062
5353
304
857
3649
3352
2026
5457
2381
158
2048
8474
2524
9683
4408
4554
1764
6614
8696
2118
781
203
2710
5688
353
1323
4578
2595
9859
7469
3740
9040
8339
4038
4058
9746
1641
1596
6085
4833
4860
7247
8515
8197
4979
4443
5737
9474
3726
8829
255
3362
8880
5916
7150
6703
5941
1200
4110
1889
9868
5054
7321
7965
1585
9419
233
5512
8907
1219
8808
4898
965
5284
9824
4296
4304
1559
580
1050
6274
6627
4875
4723
1375
3297
8854
3693
1741
7376
3699
5575
9360
8104
1013
4335
2252
9399
2196
4801
1342
1060
9209
8377
9983
1340
6634
2106
3437
1558
8080
8885
134
2546
9763
7622
1901
4351
3588
5783
4351
6367
9449
4330
6864
8634
6803
4448
5369
5613
8931
48
7114
5516
9912
6474
4176
9075
5850
2509
8491
9820
9658
5708
1874
6128
6052
9427
6565
895
1903
9884
1513
7662
7888
9656
8297
1284
9780
7614
9074
8102
3572
361
6957
9719
8477
1158
5402
2889
7121
8632
2797
7111
3314
3788
8612
2002
7533
3024
8705
8915
6031
7461
1411
4092
3806
3036
8428
451
6065
7583
2346
1365
7570
9555
399
1224
3649
3961
7631
5740
5436
7799
8494
3225
4167
1307
1468
318
14
2037
5241
5255
7724
4689
6449
1756
3158
5388
7265
1228
221
3388
628
5725
5699
1941
796
746
115
9654
1986
8138
3774
7646
5956
8310
5742
5527
5663
3307
7224
2481
4680
174
4017
4951
9581
7013
2324
8201
7502
7739
968
5456
6870
6978
2230
5996
8273
9701
8167
4009
3903
8636
400
2821
4737
2811
2975
6289
4408
8913
2995
6317
9214
5479
5398
8979
6574
2549
6690
2338
3671
9513
8737
1562
6405
6151
2527
1220
1124
2525
7907
4777
3542
6808
2915
2163
3072
8056
8701
7553
6347
7926
9409
6396
1832
609
116
9265
9694
4356
865
7662
9337
3189
6293
5502
7706
9460
9296
9649
3995
8272
234
5405
4296
4550
7947
2602
8273
1664
7100
4457
7456
4760
6851
4458
9852
5745
921
6148
3121
6557
1529
2243
1769
9349
5795
9150
7487
4331
2757
2559
3287
4758
21
2320
9364
9799
2128
324
5961
2284
4381
7891
2945
9709
9255
7943
6243
727
353
8607
578
7707
5350
9046
6017
8724
1875
2983
1705
1757
456
7778
1185
29
5057
9223
9761
2586
3027
4998
8963
4738
416
1373
740
1216
7260
2194
5031
7963
9723
6890
2079
1106
7091
3941
5574
1337
6739
6100
2240
2890
1564
769
6130
4773
2693
9940
5979
7824
9714
9331
7589
6639
444
4985
1276
7609
7774
6633
571
379
3956
5447
623
3576
8010
6275
9154
9976
8046
877
9723
7197
7697
6196
3352
8621
1880
7912
5364
3805
5938
1839
2160
6179
1673
7685
9463
3758
7749
6452
3132
367
9395
9427
187
7052
5973
713
816
1223
8127
7902
2051
296
7469
7341
5322
8262
8901
9186
2394
5096
1196
9919
7957
2358
8952
4102
515
7256
4274
801
1321
7552
5310
3869
1273
1306
6493
1352
4590
9056
9127
8510
824
3582
6483
8210
8097
7105
6163
6285
6500
1812
8254
6406
2864
5443
9323
7238
530
2987
5528
6362
8867
5344
6826
2060
5000
2465
5971
1935
4563
4868
4347
2567
9302
1743
7852
2008
3089
3901
4868
7998
3372
9413
8482
4408
9672
921
4953
8804
7028
4102
7879
8250
9314
2290
5896
1822
4874
5077
987
4267
3026
8847
2166
1273
982
2683
7257
6214
2429
1905
1090
8372
2644
7615
5014
8356
648
7297
8870
4951
6850
1085
1159
7721
4763
7241
7114
6289
5557
908
1708
8600
8328
9238
3126
7095
1096
2181
9394
1634
5261
7397
4582
9592
8234
9305
7749
1994
8572
6407
8245
6141
9108
9101
2052
1802
9634
7314
9905
1605
2307
5525
8288
6105
6854
3402
3151
4360
286
794
9066
6086
6362
6857
2383
8220
1939
8373
6910
5759
2471
3645
8138
8331
1540
439
2132
8545
5269
1647
1880
4452
2992
16
1095
4136
5960
9812
2266
1868
1621
8292
5247
8849
7518
6718
4159
9741
8921
4922
8086
5691
8697
1023
7460
1246
8088
7644
1634
1370
5869
641
9473
6610
2682
6826
4627
1655
2189
4411
2027
1378
6977
8449
8276
5314
760
7166
5869
1571
8436
8422
898
5442
3531
7227
8272
2471
9656
2886
4374
8582
4231
7700
4772
540
6602
8904
1595
7613
6101
1141
1476
8052
7301
8688
8754
2979
9648
1936
1523
6409
8849
3123
1037
138
3019
1421
4906
434
3324
8356
8469
6070
1440
8611
5689
8806
6479
8404
6707
1380
8813
7467
7065
4921
2584
1426
6709
7644
154
8787
2265
9476
4314
6782
7863
6718
5230
3216
7991
3849
5678
3109
7252
8109
157
4268
266
8673
956
917
6981
6678
6196
7258
1388
5935
2896
7138
521
3041
5995
1199
6961
1051
7728
1885
7072
6196
6732
2483
9325
2208
3492
1659
1075
8290
1858
8578
7794
6189
7627
8764
5175
3271
4232
9247
7818
1848
951
510
3982
377
60
9111
721
2455
6500
5697
185
4913
6303
6293
8645
7876
3834
7914
5909
1347
3146
773
7690
9220
6018
2407
9241
2772
5460
7852
1256
7174
8028
591
2158
9193
5184
2039
7041
3858
9875
6208
2876
2929
5968
3605
4893
9854
1869
7275
113
6799
6341
672
4333
9745
1572
8928
1455
6858
8936
780
5101
4914
8582
8492
1550
9503
1890
6599
2283
3991
5150
6091
4010
1002
2394
2404
371
506
8603
5993
1220
9933
1548
6839
8273
8637
1517
9369
4506
6032
2303
3917
1312
3919
200
2280
4473
4696
4354
5019
6740
7379
7161
9242
153
3418
6689
8054
2585
9089
9452
7216
1138
6451
1674
1361
3823
4845
3824
7800
4787
8854
3631
5866
1281
345
1714
5034
7394
96
9361
9822
9599
8426
11
8704
8780
3466
9956
6395
7686
6180
184
5471
9234
9707
9147
7395
6658
7584
512
9183
1293
6017
7159
6322
7356
9968
8003
6628
685
519
2959
822
5969
4582
5461
5194
353
8084
6586
4114
6140
616
4942
6507
6539
6551
5530
5878
7544
3054
7480
1312
2796
2755
9781
3735
6865
5366
6356
8430
297
9002
8835
3009
5486
5474
2925
4715
1575
1082
9265
9633
5853
3738
9406
2443
3654
1120
9354
344
7650
4268
4040
8548
523
8037
6491
4331
517
5009
2703
8302
3009
7597
9360
1136
7183
8410
1285
5607
9114
4809
7124
9212
201
7035
9854
3684
1110
5670
3961
6312
333
9112
9211
7548
7129
5918
8967
6708
3202
1563
1716
5312
4633
7529
2629
8064
1199
9973
1507
3689
1997
4086
6047
9883
8129
9799
8899
2866
2533
6729
6978
3213
5878
8785
1313
1970
2941
606
80
5918
2943
43
1270
6403
3712
3835
546
7616
2898
5216
4872
7100
9610
5091
5443
6400
8932
6595
5755
4426
7319
2653
4618
2729
2682
3700
658
1017
479
5648
9618
369
7468
6769
1001
7503
8751
9633
1656
1311
9564
2351
5474
839
6510
1556
6236
320
2534
1732
982
1270
9067
429
1968
2931
2615
8654
9106
8646
2035
6007
6013
3680
3730
7909
5040
5336
329
7513
6450
2552
102
7868
3619
1673
3032
2483
9234
8037
131
1336
1201
5016
3404
8461
2354
4395
7485
9892
5397
4837
1193
7988
8997
4247
5173
7435
5455
3638
4515
4981
3999
5875
3333
1814
3707
4751
5023
709
3067
387
1525
7826
3731
8777
6023
3909
2229
6648
6950
5224
8759
4945
2959
8146
5325
1969
422
8048
7191
5883
6090
4865
8788
3116
8266
9290
5120
3666
8161
1680
5377
3994
8847
3048
1464
5940
8436
3370
4254
7307
1817
3772
7091
3242
7263
3907
9769
425
1484
7793
152
9964
6600
8810
8428
4662
4236
1170
7897
8071
5966
8891
2191
7583
8692
774
1024
8876
287
270
2501
734
888
6891
941
3010
2660
9507
2120
1020
3083
697
3399
9697
5119
9859
6514
9809
484
5749
7005
9419
5330
351
4872
5853
4786
1936
3920
6593
3824
8014
1403
3047
3016
4561
1990
3502
9470
6806
6672
558
5560
7020
7204
9340
8983
5932
9302
924
7047
2736
8534
5265
2688
5112
5951
7138
872
341
1588
4625
8081
5835
4518
83
2688
1463
1282
1321
333
7098
4060
524
4168
8419
2528
7159
9659
659
7357
9335
7142
3117
7196
5118
2296
560
2066
6037
4696
1252
5556
6442
9176
3708
8108
55
8071
2603
7369
2083
1163
3507
7798
5642
2446
7685
7305
7198
5495
1501
3395
4615
5861
1937
9656
6763
8019
8594
7302
5149
9182
800
9024
9178
4626
907
7493
33
6964
6224
3751
4415
3209
566
7683
4722
5490
253
4937
1106
9128
600
1639
7214
706
4408
3220
5224
2461
4740
6689
1735
5795
9483
4917
6604
1317
6173
5232
7015
8108
9208
3763
9745
9728
3053
9509
1332
2060
5923
754
2993
3371
1706
636
3471
4283
284
4215
9779
6096
2476
9580
6691
173
6513
7308
584
6890
1297
472
9493
4340
8159
4424
9802
4126
8875
4474
6038
415
9949
6350
4441
8702
3993
2410
4148
3112
6511
4764
5408
2806
4606
559
9887
9744
8103
1252
4740
4605
491
4179
1407
233
3488
658
3369
2740
1814
8911
9001
9258
7352
208
931
3903
6660
9056
80
5955
8080
4064
2047
8288
7812
3530
3261
1847
1161
140
4632
1569
8714
2246
2100
6205
3960
4111
387
2465
7994
8001
1867
6936
1805
9843
5615
4942
5210
4045
3051
710
6710
1061
2051
5548
7840
3643
2071
1613
2177
3341
9321
8378
2108
9001
8431
8945
3084
4695
7434
1470
6582
3558
6162
5166
4559
9194
303
7947
6075
6341
790
1778
8074
1612
5966
586
2878
2835
5254
31
7924
7997
1343
1422
2553
1684
4555
5908
3028
2097
8325
3349
7604
3163
8999
5703
349
3854
2859
4757
4032
1772
4625
3828
2284
6503
4393
8572
2946
6631
5130
7871
4504
6783
40
9241
5316
888
9603
6910
2634
5722
8015
8316
7350
9690
3725
6332
9896
3588
5361
7288
6434
8677
1883
488
1046
1684
9403
2770
5563
2212
8153
9362
5942
7499
4050
879
9715
6575
3540
5613
2709
8661
1974
3293
1933
898
6792
374
1788
6183
303
4890
6289
9906
2201
9627
449
8253
9456
7939
9261
1257
2314
3342
6564
6369
8579
4351
9637
4636
4543
9117
5355
9761
3045
5824
316
7832
2203
2256
2229
4089
8679
3287
8811
6434
6975
5373
4428
154
8585
9826
8083
7225
2883
4998
2546
6177
2929
3693
5666
5750
3128
5010
1419
185
7372
3871
6588
4985
6054
4024
8855
3590
7315
516
4466
2866
2540
6287
2275
2135
6586
8004
38
2241
4057
8727
3114
8501
1664
9824
2147
7982
3228
4117
9552
3126
4358
6208
4293
3449
8144
4192
1980
586
1676
1171
5849
6943
4505
5475
3127
9347
4488
2668
8222
5928
4258
9076
9469
6117
824
7399
4394
8586
822
4058
7212
7062
5871
7287
4531
7943
5315
5154
3302
3289
3807
4163
9438
9679
7898
5216
1288
2371
2046
9253
1206
7441
4164
1031
4843
3351
8954
5254
386
7696
2733
2994
8836
7226
8836
4931
2681
9996
4256
8400
7921
9237
3176
6315
6621
8038
1377
5338
904
4367
2855
9259
9038
4233
3231
8931
2207
6147
8787
1137
7784
148
8869
5589
638
807
8974
2944
3640
5901
8607
5407
5292
5811
3688
2246
5868
6988
1648
8168
4719
5742
6206
3601
938
658
1257
7734
9042
4943
2941
9969
6293
1916
7023
9528
7608
3226
8248
7855
6648
2187
8405
1542
429
609
4383
1128
8374
4905
5453
855
89
5382
5186
9764
9160
879
7759
8967
866
9658
9468
7789
1940
5359
2547
7127
8864
6524
2501
6248
482
6565
1150
1685
144
3828
9577
2046
7723
2401
5938
6847
5234
8053
6280
2513
9710
7069
1015
3270
7532
9030
7425
4750
8135
7711
4044
4276
9201
1829
5569
5175
7332
7100
5129
8864
1442
337
862
4174
1304
9852
5214
2731
773
68
1431
1612
4968
8290
5541
4192
6240
1823
4902
877
8322
1109
5122
2548
8170
781
4042
682
7807
5730
8747
5277
8234
6076
8595
7199
2949
7513
5499
1537
6433
3062
9712
9713
1910
1099
8729
6735
6103
2117
3167
5355
5775
57
3950
5859
6567
27
4466
6130
6672
4090
6596
619
4837
8094
2864
4313
4897
8192
2374
605
2880
8872
3496
1643
4777
8174
7933
9811
1322
3211
6003
2839
7040
6682
8787
5300
9660
6632
6859
1002
4367
7149
3191
6139
496
2143
4306
5667
2682
4953
7882
6854
1883
2030
9671
38
8438
4140
7257
2896
1307
3140
3009
4399
9486
1566
8557
3586
6101
6752
8685
399
5589
1560
9115
4368
8347
6793
9127
8692
6582
1070
946
1049
30
1159
2477
4993
7062
4081
7305
6493
2656
8329
5135
4729
8661
5974
2357
2038
4882
4202
2046
3803
8011
4786
9802
4595
9217
1865
6567
5293
3429
8003
2609
5136
4629
3056
2996
8605
7806
3329
7224
5416
2302
2604
71
898
9033
5764
234
4733
3239
6332
7802
2388
7276
4862
5231
1684
5279
5839
9976
9284
2397
8844
5519
4806
6033
9276
9852
6111
6512
9298
1330
6071
2550
4907
7982
4766
2850
551
3690
1544
2987
7688
6778
688
8524
7708
3391
9873
7830
3145
1975
6126
5258
3221
2217
7647
5668
5539
4205
4009
634
7528
6989
5287
8674
9998
7026
2645
477
5655
1266
2480
2324
8540
2791
2448
449
6853
8170
2734
2657
4005
8115
557
2084
9951
3576
6161
2275
5407
7534
7901
7770
1734
4864
9934
822
4914
5045
8131
8499
9462
9277
9605
7579
1111
1181
3218
5876
4282
8224
6272
620
6749
9049
2459
3969
6594
5914
6142
9983
1247
8890
7585
6725
66
949
9078
6219
8577
1545
4533
2726
5126
3276
6204
8060
2948
312
9351
2945
5953
5009
7640
5419
7808
4570
3630
1253
3618
9974
9940
6570
5861
7817
6725
2774
6631
3111
1122
6145
8211
3667
3493
6887
1215
3997
9455
4774
4954
9416
2392
9616
7310
2064
608
5216
9614
2442
5703
2682
5702
229
3562
7955
1086
7612
345
4626
1968
2787
9573
8218
573
7343
5576
6842
4604
2904
4154
84
5655
9958
6202
1367
960
3902
3811
3391
3446
8799
4071
2077
2596
568
8522
4398
3666
3599
1128
5875
8193
2393
1048
6589
4503
6716
4037
5950
7312
6556
2932
8646
6810
1110
2639
9867
4729
1023
1025
8405
8306
9518
954
8586
6213
3904
1332
6202
141
6830
6500
7484
9791
1386
7957
4763
9440
8570
4417
8042
9885
5745
2057
7681
6399
7305
8920
3247
8944
9331
5192
4100
1138
2396
254
6814
3355
6029
8792
4461
1135
2807
4038
7265
3280
9359
8122
2735
7051
5261
5453
6703
5524
5523
8247
8176
7035
2686
64
4421
6348
6113
7160
9893
4123
1889
1397
4379
7121
9462
5616
5629
9459
7764
6075
8975
5146
7862
3823
8523
7268
523
9245
5390
3742
5368
6601
5169
683
7840
7761
1531
6464
9167
4709
3986
6416
5684
9206
8641
5908
9739
5089
2910
4057
853
9458
3915
759
4615
7335
4851
9078
709
9176
3273
2341
7987
9254
4207
1607
9126
2465
356
2453
8421
7569
9195
1622
515
790
8992
1948
7717
2840
5243
8418
552
3695
1880
4046
1519
2322
7195
8065
8729
6442
3536
6194
7064
3277
5482
5610
2802
96
6716
7423
1532
8412
4589
6011
8239
4774
7751
2384
6440
9609
3658
3297
7635
4384
9074
1933
1292
3870
1927
415
749
6126
6677
8790
3783
2881
4007
326
1178
1619
2949
442
6701
9143
7137
1150
4322
4774
797
5163
4461
3644
1107
5822
8580
5025
1757
2259
3972
1972
8643
3908
277
2657
8978
2368
796
769
8536
3148
3193
24
5636
4630
7731
6004
9049
7869
5468
7658
6148
8000
6508
3686
3255
2996
2005
4587
6929
3841
8940
8468
9198
1983
7099
6229
1906
8397
7031
2986
1563
739
4098
5802
5252
7895
8394
6627
4281
648
1080
6417
3547
4734
6687
8262
2125
7787
3718
7678
1148
253
5016
4904
5627
1839
862
5601
775
2791
264
922
978
6851
9943
6647
7414
5518
8726
3296
6225
6856
4526
7282
4414
8793
8413
8374
63
87
4305
8081
7928
9128
4454
9806
4158
4048
9186
7977
6922
138
2863
3034
2621
395
2099
1979
1593
6474
8001
1064
8662
7282
8169
582
815
6848
9923
2911
8703
8976
7831
2799
1373
9639
7756
8063
4028
9289
4822
5769
9849
7278
261
6768
6404
7342
7222
9352
6010
3898
5204
945
9817
5597
2380
4812
7841
7947
155
5800
33
7695
2081
5238
8984
2163
4858
2321
4243
5776
6413
6099
2526
6686
9389
3325
1626
4164
2515
4915
2691
6317
2372
9692
3633
5078
5924
6274
8830
1648
892
6676
5664
1975
361
151
4843
1923
8061
3125
9583
2528
9169
6887
3643
7110
6359
2838
7753
3664
3191
7852
1951
5777
7953
824
2496
3552
5967
5930
1330
2476
4853
9355
9492
8565
8641
7341
1181
2194
6051
7156
8106
1629
4487
2914
4278
7161
7378
5647
2956
7248
6974
8045
4699
5205
5128
4832
5470
7565
376
143
9054
1701
2914
9535
152
5222
6760
2438
2983
771
1083
4374
8672
2338
2725
3979
7559
8585
7876
1884
5597
4891
4451
4137
4195
5615
4091
1126
6023
9070
7486
187
7760
1091
4140
2944
8385
1924
6765
8537
8195
5775
8832
6863
3456
2756
1920
5579
9396
1591
8519
4918
6020
8873
9933
9946
2173
8468
5317
7035
9585
4218
7399
319
1147
9673
2284
3662
5729
2952
7855
4700
1713
367
9261
7870
2144
9101
8092
5175
6788
1188
4995
5024
7444
2225
2289
2992
5584
6191
2839
8657
3505
9397
6066
9334
1122
9688
5633
654
7801
3806
1534
6866
7380
5781
555
6398
7122
1623
5150
6727
3410
1250
9765
3399
582
445
229
5145
7404
3229
6920
5468
5570
4525
5045
3007
3988
3749
7657
3769
8998
5530
2033
4501
525
6242
2036
6867
2217
29
7022
8310
6077
2992
1211
1412
7765
9719
1220
2538
7324
3784
3184
761
7223
9415
4513
8580
958
8775
2651
5595
8521
7179
5409
8692
402
4503
7813
7617
3030
306
1933
2354
5936
182
6896
5696
4791
3503
1824
382
337
8956
1246
6448
3280
7655
8785
4034
8337
161
6652
2944
6720
8189
8400
7048
5599
6589
9618
3885
419
1361
8354
9560
1485
1356
845
4644
3333
9792
6502
1548
2681
934
8908
1027
8615
4014
2590
6904
8146
4078
3221
7547
4157
4163
1443
7807
9093
5866
4949
9139
8417
5826
9177
1447
2384
1829
4315
4628
8510
5253
2004
5149
5095
9546
5125
4926
5743
7660
4222
5542
6268
7068
6247
4214
4723
1866
1254
2564
8834
2286
1804
2305
2660
5397
5756
3391
1965
6637
1496
5791
1110
9216
6535
5910
8555
7069
385
9666
5845
3278
6847
6636
6174
1310
7750
4354
2219
7878
3428
9745
6500
5464
7331
5404
1226
7716
663
9446
1436
2173
8598
530
3034
6098
1656
8021
6805
9933
3100
7020
8905
3490
2679
184
2079
7183
883
3956
7549
4862
9847
472
2508
8217
9881
3865
5508
9996
5209
1651
2058
9521
1752
6090
2431
3377
9015
7762
9716
1141
2404
773
4493
6069
6762
7083
4784
3590
618
6815
3115
9684
8776
4242
5374
1037
7341
1984
357
3940
8144
3861
9467
4688
6010
1398
6500
4522
6974
2495
2932
7459
952
1008
8994
1377
7425
7357
2255
674
4187
3246
3212
2373
1414
6326
4757
4917
8270
5206
1406
3849
2218
9608
2290
5141
9536
1296
7308
709
8256
2317
8820
2343
2688
9860
4981
8094
3788
5658
8619
8727
4232
3650
317
7583
2119
6276
8739
5385
9403
1862
2240
2847
8514
1740
1369
3359
2594
4886
5635
4190
3282
2920
3111
343
6356
9936
9671
4302
8575
8265
9009
6516
1156
785
8710
5483
1650
3400
7006
2153
4565
7847
3471
9892
6007
5993
2295
5408
8997
4180
7055
9061
4082
2502
5596
3136
4513
746
3231
265
2008
3896
9699
9030
2654
9430
6106
4118
3502
144
8025
6489
5548
6014
9578
9764
3258
9776
4950
1835
8890
4836
3320
9793
2964
2404
4753
136
9690
4336
5042
6627
4226
4946
9921
5770
2226
8875
9041
5437
4052
9068
3426
2340
1542
4625
9808
3920
1637
6430
9392
5466
1979
6565
7669
5497
1830
7707
1229
5782
7481
5442
6234
1261
522
9824
7105
7881
5571
6823
9170
7574
9438
4972
3889
4934
2676
3065
7537
7374
9959
2170
1350
5440
1649
6590
5478
7116
7984
7605
5828
4046
5310
9371
4561
9575
1770
9355
8816
9667
7779
7880
640
9753
8102
58
3756
6721
7139
8259
3303
2783
228
6931
7938
8867
366
4149
2066
2630
9905
1779
3047
9962
7554
6911
8198
7267
2070
1644
8621
6635
2731
625
6772
459
7529
7796
5011
9088
5734
3722
8014
5431
2879
4587
7909
157
5218
8271
4503
2457
3990
1144
8842
8590
7895
7361
6263
910
1905
1457
7585
974
6173
5808
6977
5094
8067
1325
8062
6294
359
6950
1702
3502
7994
4388
5065
6111
2389
7095
1609
7178
6223
6321
119
3490
5193
7262
2061
4778
6781
3568
1353
3599
3590
5418
4202
894
2706
5472
3571
4895
5733
7730
5169
1186
8774
1972
6265
8409
536
678
2019
6469
6025
5139
7286
7368
2065
1720
5648
8982
5029
1858
4364
9772
1139
1252
5341
3205
7838
9485
8734
620
54
5069
285
5773
8399
6104
3009
9636
5284
2553
8617
8318
4669
5929
7805
7911
4856
3625
7561
3649
540
6881
5819
4314
3585
6414
5065
193
6365
2584
9383
3464
647
5274
1592
6933
9846
6945
4605
4409
5958
4500
6783
9451
1253
380
6755
2543
2498
330
4168
3534
6416
6555
761
9306
1020
1345
7518
4287
8786
7713
266
6845
1783
8770
4854
4734
8600
7681
6898
5700
587
7085
9712
3463
9984
7206
4120
1978
1873
1276
805
4242
1232
9136
6888
1115
2695
5516
7862
4194
5370
6491
4664
4755
8911
2398
4500
8419
4032
3457
3970
4392
9477
8067
2811
4439
8923
4929
6449
7372
9428
227
4500
5295
1471
6922
3283
425
1793
4021
7660
5184
8568
5405
8067
8494
6612
4291
2163
8160
9207
3609
9864
93
2400
7254
4755
6917
7917
2965
5090
5768
6192
2003
7064
2717
7247
9145
9896
9950
8778
3299
8212
7363
1341
6597
9500
6777
7089
6379
4454
1672
1450
8742
3455
1580
3917
4305
5285
7301
8733
441
4261
8697
1378
5750
5820
6593
3835
1165
3437
95
7625
6517
103
8631
6077
7242
96
5531
737
7995
6516
8320
4145
8393
7125
6519
5459
2361
6004
7866
6992
2514
4286
2906
5306
6454
5542
2174
5517
1975
3420
9344
4421
5693
3423
8946
4063
6644
6982
8500
9129
6567
1292
8098
1231
924
6466
5255
4384
5975
3453
2616
3784
5174
7678
9444
4232
9047
9787
2333
3356
1373
7047
6275
7436
5944
8016
3935
4303
1646
1586
3433
9042
6475
6518
3476
4610
4034
371
1654
1033
3225
1428
2149
7974
2890
6198
7752
6769
2888
6290
9088
1928
9938
8656
7777
1758
1468
8999
9481
9992
2787
7814
7553
5580
7219
4634
4733
6775
7083
1028
473
56
7192
4042
3665
8172
8589
5342
1443
5438
1935
2342
9043
8954
5905
1145
9882
9316
3442
4468
7236
27
6938
4863
371
8955
6158
2404
1639
1331
5514
602
2297
6194
7914
240
4413
9452
4993
8261
7426
7348
6002
9221
146
476
7325
3990
1022
755
1952
7423
4224
6296
5037
131
4058
958
3738
1316
1863
9891
6656
4223
5489
9338
2682
7016
2504
2821
4626
1083
1079
2872
1004
1664
3805
6336
7527
3348
9069
4420
222
1698
1252
952
8754
8548
2559
3385
3909
3376
1336
752
8972
8362
8357
215
9974
5195
8156
7555
715
6938
2693
6591
8354
7112
4245
3853
8175
4774
729
8428
5289
4467
7402
4065
3848
4687
8323
3668
9665
2718
1714
2858
2015
5509
7624
5703
1954
9324
3917
5580
6131
5153
8400
1836
6133
5721
4574
2081
4693
7235
6216
9438
4808
3263
5453
3576
2411
2373
4323
2163
2688
5011
2181
443
9333
5839
5429
6403
1017
8619
7091
2107
3135
807
7242
9059
2654
1959
3216
4837
1099
8434
7581
4475
4013
3206
5545
200
9959
6754
5937
6601
3940
9928
7815
523
7726
7639
1090
8490
1280
9185
8621
9968
5614
7977
5747
7848
9270
1074
9707
8824
8618
8456
1181
7015
1933
6949
7939
492
749
1842
3651
2480
7186
561
6875
3651
5373
5037
2727
9055
1622
7761
3486
1663
5534
9352
9345
1951
4918
7337
9919
816
9824
8272
6307
836
2666
134
4538
432
9662
6388
759
2509
5421
650
1477
9573
5483
3329
3809
178
247
2913
9550
8970
8873
2877
6535
5107
1493
6376
238
3444
2546
3523
4028
1824
7924
1756
9520
4436
3002
4483
3200
5037
8284
3313
3102
3682
3721
3399
5500
9072
8063
5830
1632
5457
5843
2670
4783
5649
2952
5893
4784
9206
5510
2480
6006
8323
2530
5757
8657
9925
942
8548
3501
2971
8093
1531
8150
1121
2750
3165
4159
4750
1041
9569
9196
3939
2246
7125
3406
8803
7127
1667
8491
1225
3790
7473
3234
650
1043
1354
5049
6566
6199
9884
8946
9805
8303
7876
2735
771
7268
4278
5106
1704
1528
7687
4758
7296
5543
7367
9466
1247
1987
2416
5182
6746
3259
813
4327
9548
5231
4721
1227
4892
7657
384
6134
2121
2257
7586
9733
7303
3845
5073
6594
1921
9427
9577
2959
853
8739
349
8996
9711
5227
9413
4229
8094
2628
498
9953
9250
8248
3059
2810
2777
2085
4018
3628
2284
2502
8090
4283
8147
4499
5824
9394
4279
582
5661
7772
3748
7980
9530
600
1770
5213
7507
3369
1699
899
2127
3556
2831
8751
7657
7288
9733
2148
6732
8872
2741
6985
484
489
1482
5077
6401
1387
3787
7634
5568
2494
3447
1843
2046
5497
6240
8470
6057
224
923
2105
5500
935
9519
7882
8466
6258
2905
5333
5590
553
6030
594
7199
7502
9812
7966
3065
8224
8949
5898
6558
9392
5269
9286
1039
4441
1517
6823
6596
7355
8875
5555
1938
2040
3166
2391
1106
4142
5836
6833
5646
9973
6431
455
5546
7772
4067
66
3691
9669
4955
5859
1362
16
56
532
6442
9133
580
1184
2117
7295
5596
5589
2977
7875
6943
3358
6233
6629
590
3931
3127
2632
7235
710
5490
9920
9508
5835
453
9770
1217
3873
9941
7054
4673
1087
141
9102
5350
9664
1018
3562
4728
1444
369
3504
8269
3932
3518
3286
102
2216
6579
2415
6780
2118
8988
8338
1918
8183
470
1610
4227
7065
3628
8795
1031
815
1339
7530
8349
5193
9361
9954
2576
3127
3238
6073
1543
2532
2774
4015
4694
9552
4606
992
2619
611
9038
4468
6929
7211
5822
9652
8366
9540
3217
7402
4405
9721
6472
2266
1675
2749
9962
4281
8685
3602
5036
2491
5237
2852
3884
5422
4474
396
2969
3300
8258
7154
4120
6277
6445
5632
1901
844
3941
3739
4008
9825
6371
2056
3653
2049
8949
5295
4272
2418
2165
5479
445
1338
9317
6454
2971
8231
7603
8112
6371
8982
8831
619
7691
7813
8741
2186
5725
9618
8898
1268
6975
4713
7111
6847
4053
1775
9926
7466
5115
9711
9583
7934
6668
9076
3735
6724
9369
2783
539
3364
9159
9894
6275
7198
7904
2522
1379
3975
3802
8364
1211
2843
7531
8404
2363
2163
1023
334
6872
3914
8397
7139
2422
7089
5735
8583
1622
138
4924
9111
7142
7240
1739
8581
4522
2373
5696
5730
7951
7008
6558
8394
8596
8640
5624
8085
8354
1309
4552
604
3523
2804
3539
1850
6395
8339
1291
5271
2247
2388
3494
37
1172
6585
1132
930
906
7987
2779
5972
8230
1800
3430
716
1166
6512
4941
7234
4555
7648
7498
6265
754
5717
7058
1003
4358
6259
8912
9628
6537
9019
5513
9966
7436
6106
265
1846
952
1384
2923
9055
2744
3501
8442
2496
2668
9719
2655
4204
5729
3903
2224
6737
972
7451
3039
9022
2241
4633
9211
2467
6375
6691
199
1529
6734
7721
8541
3632
1270
3415
2274
6738
8535
2378
9905
4464
2643
630
1815
2408
9724
1304
1922
1454
4591
1544
1217
8621
5137
833
1450
3472
8963
8137
7263
6571
8655
2292
1858
130
5842
2994
1608
4430
887
5236
134
5807
6322
5934
8373
5090
3791
1697
2728
4967
2694
4645
98
8291
7322
4401
4424
1605
2905
9945
6795
6924
8803
7061
3892
2890
5562
3508
7116
760
6608
9811
8827
4251
4087
8190
9556
3915
7373
5736
8823
4687
7724
1445
7292
4827
9935
1255
1605
2038
9199
5761
7009
7075
4652
1390
6665
1315
1970
4889
7275
8656
2944
9665
3366
2282
5283
8029
2879
1785
5588
5352
1489
6288
4708
9482
9738
9372
1769
1797
9042
4176
2025
5971
7793
7244
890
8397
3894
4646
7199
477
6287
6131
7708
5425
3724
8878
9077
2337
5735
6971
3819
190
6831
8635
4796
5509
254
3936
1720
6306
3838
244
1777
6537
5709
9780
4908
3824
9597
8369
6687
6034
219
1345
3292
6903
9987
2549
9448
1327
5992
686
9136
9700
151
8158
9320
4690
1039
8963
9202
1414
5869
5455
6350
8898
3491
7298
3507
7061
9143
8892
6269
9351
594
2926
1447
7526
3915
4140
8767
2875
1543
7994
3008
4126
1590
7997
1669
6426
1197
2423
6604
1205
2945
4554
3472
7064
8205
1950
9093
5840
2912
3111
3574
5626
9540
342
357
9240
6105
1299
1029
8794
3020
4462
391
1871
3598
1679
9568
5210
1913
7724
7147
1230
9747
8781
6840
8252
6726
8396
7744
6707
7174
9518
6309
986
4610
7017
5784
2130
4890
9306
8191
502
7617
4080
5176
8049
6517
730
3352
4957
2429
9559
8348
3534
6359
2602
3785
5922
5733
2489
9587
9166
8830
930
2943
2809
336
3673
1013
1420
8566
9684
3843
2676
4263
5018
8532
937
3190
7483
8923
1933
7241
6960
6113
373
631
3968
9023
426
1660
2046
7888
3653
9609
5491
2581
5767
8168
6728
4252
8726
1894
6926
9090
7831
8564
1908
6651
1940
5260
658
6140
3120
7464
2389
1475
3021
8299
1381
4944
653
685
9407
6529
9515
1397
4141
7305
9530
1555
5475
2094
4176
479
205
8816
1282
9153
3233
9167
7786
6987
1691
3720
35
9928
1178
6679
6626
1298
9903
9165
568
7621
4453
9945
2565
8760
9655
6079
2879
6843
883
1920
1484
6865
6185
1774
6449
1589
9051
5770
8405
2443
7709
1942
7846
2195
3488
7665
4561
4916
4869
9271
2777
3724
8682
4344
807
9364
7136
1791
9160
9489
7613
9328
1592
2900
9068
9405
6791
6338
6527
4957
2715
7761
9727
370
6742
7831
9440
5152
2948
8008
1893
8584
7829
3238
5792
4819
5491
9573
9061
6376
6787
9795
3658
319
6947
5977
964
4916
1735
927
4631
2496
418
6472
6747
2905
9828
2902
9307
417
1728
9191
2576
8624
6827
6990
2266
2828
4193
8630
212
9528
2983
5684
2164
4077
3788
8436
3698
4394
8871
96
1067
9773
8711
1101
4335
5373
417
8251
3015
2597
8105
3513
7045
8733
8415
5899
2594
8548
6949
7009
6555
4226
598
3445
5619
3491
1876
2746
2139
5542
260
4307
6522
9192
43
2468
2643
7507
886
4996
1038
4797
2084
7031
3927
423
2954
4831
6950
4882
1586
4953
4244
4680
9219
869
1919
334
6079
5869
8005
5292
8756
4457
100
939
5969
3325
5498
1220
8194
4514
2278
1703
1827
1022
8657
9772
3683
7327
3295
6899
5128
7979
7938
6815
9300
2110
2403
7995
9142
4625
2125
1548
3687
4784
8182
87
5224
4152
1685
3948
8417
9031
9087
9844
3553
8839
1823
7161
7410
2796
5106
5955
1909
7429
6872
7803
2312
2146
6754
2311
4170
789
830
7460
6622
9995
7152
6113
6008
2103
3606
5121
9167
1544
986
207
1782
9657
4927
120
3493
638
2085
6039
7853
2801
3156
6583
229
6936
7710
2899
6346
8909
6504
5313
7436
1625
7858
7132
8834
9466
6321
8690
8856
3663
1173
5189
5072
6612
8863
6423
9015
7937
6624
999
1728
4029
3120
7086
5606
7873
1740
1873
1411
6894
8050
1784
7151
2197
3527
6677
3596
5215
3580
8381
5544
3329
4501
6464
7374
8160
8692
9256
792
2963
6219
8288
3738
1254
3319
9624
8436
294
61
7175
4894
9171
688
4623
8340
476
6511
9845
2178
4298
4730
5526
8625
7804
326
9840
6763
8178
2780
9809
4388
5197
3871
9444
9874
3558
2110
1782
4945
4386
9572
6958
4978
5790
5400
494
5413
1539
3131
1846
4960
6113
5092
3253
9568
4482
2422
1570
1348
7874
1747
842
1423
237
4586
2326
1747
5563
4118
9685
1097
9476
1288
5960
8311
2089
5606
8595
8361
4190
4458
3396
6225
3540
1286
4379
8174
6910
4477
5052
1046
2479
5905
5598
4488
9856
5566
6949
3523
667
4984
1274
2511
9258
9357
9840
1855
8653
6170
9462
6588
3552
6312
9205
6179
81
1781
2605
4906
1558
3981
8940
397
2051
5321
3719
7281
1475
1110
6998
5382
9119
298
8833
3534
4757
6977
1784
196
5632
3065
4871
6012
5839
464
2754
5850
2236
727
3263
138
1798
4723
840
5859
509
5459
290
5263
7090
8306
7272
2974
51
2542
7163
8872
2802
9451
5486
1311
4295
1932
1164
1495
6245
9205
1833
7358
409
4880
3192
4991
7053
9770
9658
8853
7064
2110
7633
459
7224
3363
2399
3807
809
8568
2183
5257
5733
9513
4822
9567
7594
181
5477
671
2680
1661
8993
8577
8256
1834
8733
9392
8060
4665
4982
9420
7637
9393
7722
9533
2666
3435
462
6774
3904
7828
7137
6201
5263
5258
4176
7783
3174
2550
3289
2399
225
9983
2408
6098
3341
664
9184
976
8424
7868
1062
2971
5144
1126
994
50
5569
8368
2621
6818
4764
4426
2421
2437
2778
7177
7395
9534
3014
9932
5262
9988
8041
9136
9771
3082
3452
5870
2976
9666
9796
9580
3897
1500
2958
5424
274
3237
1974
2989
5304
9872
6857
9503
6007
3503
3451
981
1992
5404
5887
6892
2346
7284
8861
3033
3709
3831
1683
2486
4744
6493
3242
9492
5538
2509
6385
9140
7464
8775
6180
5500
5256
7425
6246
1123
2321
7562
6483
3560
8999
6740
3487
2248
899
7508
5425
7745
1895
3345
6698
4623
2060
6327
6322
2735
511
5461
6467
3894
9174
7233
2174
7823
6278
5703
2363
7550
7622
5236
1100
2849
8049
3146
8061
6177
9032
7827
5356
1404
6984
6158
7159
4773
3084
1003
5652
4067
337
2567
638
6559
3321
4937
6514
8521
306
4339
4957
6494
5814
3907
9819
6603
7690
7905
6502
2300
9667
3927
6168
3773
5891
6416
4526
3807
9264
7922
5578
5368
6828
4262
4599
8284
8869
3343
7219
1406
1852
1185
9945
2114
9835
7429
758
3990
6316
7579
3779
6257
2547
970
4768
9807
3535
6143
8072
943
9590
803
2236
4081
1946
4728
7179
9906
1224
4193
6940
2133
2930
4457
9252
2105
8437
7335
4904
8481
2878
8350
1716
6637
6582
9177
94
9540
3787
9077
5677
2666
9175
2227
2620
3203
7920
6583
7011
3652
7920
2489
8326
7308
4545
1884
9412
437
4636
7770
4657
5008
8075
1284
4685
940
2340
9844
3892
4886
28
3243
9845
1369
3188
6964
3435
698
7679
843
2162
7227
6016
4379
1678
2241
1073
1284
1633
7046
3368
160
1178
1416
9452
4022
7049
7686
2485
6482
3698
9274
1042
4841
2938
5265
3657
4094
5550
9459
2131
4533
2347
3342
9516
4942
8483
862
4894
5467
4027
1679
1466
5014
9913
5751
244
875
2974
8719
305
5362
7795
9494
2908
549
9579
9700
7774
8003
334
5671
1280
3067
8376
7072
5056
5687
5437
6470
4409
8003
8316
8281
4469
7034
9086
6649
3769
2728
7458
6673
4145
4923
6210
957
410
2868
2799
1877
6731
1412
1560
7906
400
3686
9157
4807
4712
3944
5064
2812
128
8589
6903
2538
2730
4578
7234
1117
2391
526
7190
6972
8258
2690
721
4579
3908
3836
7966
94
7985
2567
4944
8350
9419
3484
7921
6510
4133
466
7762
8327
5459
1181
5757
3037
4573
3110
3485
7541
6045
4405
1809
4919
8307
2838
116
6673
223
4510
4562
7945
1104
6912
4194
7479
9199
1651
1111
4419
3700
7212
9741
9145
6739
1547
9376
2831
6664
4360
1910
3107
8129
6985
2127
6789
1674
9168
8305
3089
330
7263
5591
6927
1705
3359
4818
4670
7056
6809
1978
8522
3345
9428
2199
626
8032
8349
9766
4428
8645
5014
6736
4929
9588
8553
2502
6816
7077
9421
214
2474
1502
336
6909
8426
2024
8430
4657
3014
4993
7239
4498
2735
1233
3210
6665
1895
4703
4257
7096
6252
4069
9776
364
1005
7260
8270
1844
5236
3448
8489
9650
8916
2367
3063
9465
2889
9926
4343
2649
6290
8103
428
5867
2740
4575
6507
9101
1153
9087
4819
7899
5813
6501
652
6008
8346
6747
1888
9534
1316
568
8065
8301
3000
6464
8403
4979
2805
7932
3895
4439
6230
3967
1008
4439
9848
5449
2926
4582
4819
3816
5254
2547
8878
6295
3308
9172
102
5740
9613
8841
8183
8619
1631
9920
632
4733
7932
501
7697
5434
7477
8757
3207
8275