1000 10000
651
826
317
278
281
883
439
806
818
680
679
651
728
552
259
523
230
437
689
265
381
557
977
731
865
284
501
423
161
468
454
363
543
973
534
579
901
754
648
895
691
871
812
586
725
411
939
926
933
479
239
813
321
466
232
411
901
690
953
779
600
873
675
825
958
882
820
776
166
816
385
257
381
632
531
440
591
332
708
720
838
236
776
348
422
985
353
415
525
464
897
640
757
301
318
550
687
178
686
722
760
242
627
596
889
478
813
683
761
486
619
649
820
591
940
447
424
502
175
358
933
537
563
479
304
930
211
184
510
572
788
809
493
587
402
230
647
863
548
863
517
602
869
725
263
896
339
328
773
347
876
167
351
495
936
270
424
665
755
397
704
602
998
358
358
418
902
642
877
256
488
746
780
314
795
838
720
570
856
666
850
805
701
241
793
774
397
390
930
815
538
511
322
573
482
555
837
355
315
631
206
295
221
186
336
987
389
587
415
410
447
595
621
187
796
608
598
209
634
382
683
232
268
664
936
660
844
434
723
795
798
324
811
786
870
545
385
725
749
827
661
986
757
517
636
718
759
759
973
347
474
818
601
441
951
653
797
956
622
981
489
820
970
858
948
848
893
885
670
926
341
616
736
940
789
386
207
845
799
404
398
617
396
702
533
608
813
374
741
497
404
394
584
172
626
502
412
279
278
972
258
342
556
927
957
403
465
748
438
257
206
245
450
613
841
922
822
230
948
273
806
937
827
886
493
439
737
963
981
976
329
497
708
756
435
480
326
286
795
837
467
723
722
420
946
271
304
258
807
224
379
454
416
607
277
580
374
580
939
724
620
330
285
297
215
483
299
374
941
520
991
904
940
677
174
297
757
647
761
707
771
268
950
180
744
344
645
802
869
990
233
977
794
811
763
883
233
509
690
529
921
857
942
727
299
790
433
903
812
440
928
368
862
478
594
209
367
269
695
761
956
396
793
986
224
786
339
257
404
433
305
605
363
964
443
661
736
291
833
549
375
601
761
954
745
940
598
766
732
166
755
315
931
397
407
513
537
813
482
523
312
328
900
768
506
676
955
392
508
493
889
475
564
915
655
682
189
341
292
779
486
304
635
401
205
819
234
189
837
920
680
473
848
547
448
661
437
451
301
219
256
173
390
976
482
969
922
913
539
803
387
646
356
193
977
766
419
521
246
868
204
755
560
471
580
919
643
304
702
773
833
288
486
259
858
296
620
864
569
911
308
830
824
704
713
842
647
972
657
656
219
166
424
374
521
233
206
552
683
478
244
624
753
263
998
776
189
437
209
517
214
558
898
394
913
271
655
348
934
741
957
323
367
711
584
982
719
250
777
415
247
381
350
228
524
777
598
235
897
237
895
780
631
672
303
714
776
190
830
371
215
866
705
435
394
576
271
410
961
985
655
619
983
504
533
319
271
589
375
891
310
633
707
675
973
429
548
356
832
167
972
273
498
472
428
306
555
984
182
307
439
794
998
604
468
736
340
955
236
421
578
858
633
741
330
458
477
629
491
169
909
904
240
782
312
812
664
501
339
930
634
712
666
537
547
570
857
613
427
976
529
940
680
312
471
496
515
488
204
389
977
674
767
852
380
261
898
798
659
237
182
526
242
564
615
243
346
276
532
352
229
262
708
224
644
937
378
928
359
302
475
398
641
880
973
852
943
827
315
637
849
506
248
478
753
991
967
833
492
485
232
647
915
334
692
608
971
879
187
236
740
834
298
326
268
900
368
857
409
654
270
860
497
421
887
224
425
512
946
283
799
972
434
168
769
298
939
416
894
470
371
330
855
396
957
545
771
522
865
563
724
548
594
984
161
164
276
408
395
312
581
787
899
965
635
723
399
359
597
728
807
451
643
617
247
570
237
557
301
970
855
709
557
586
981
477
428
608
829
994
714
893
178
339
452
282
748
913
947
659
884
212
745
269
640
517
591
197
474
248
577
450
901
545
522
438
211
917
677
453
346
738
830
784
567
358
741
265
817
907
678
835
769
363
858
488
900
526
564
558
171
474
492
664
441
371
390
371
580
518
477
961
923
980
862
937
732
426
688
933
994
961
749
626
977
283
375
470
827
344
460
331
981
693
667
992
302
989
576
275
229
722
788
870
272
525
472
268
541
965
367
243
201
329
680
639
408
463
337
722
497
435
937
288
542
902
699
696
917
877
856
551
293
621
260
271
577
370
299
554
533
588
506
962
830
830
329
180
803
608
296
769
255
932
977
765
827
558
768
603
774
311
707
815
888
312
246
808
573
959