7800 950
32
62
23
29
99
35
40
8
76
33
68
92
57
90
47
5
74
28
84
53
79
73
36
93
30
52
3
83
93
39
94
33
29
48
70
87
3
33
74
50
35
45
79
66
44
39
63
44
23
82
86
33
64
53
36
43
46
33
20
47
35
59
38
38
38
38
64
30
20
63
4
64
54
34
39
35
92
50
48
73
90
57
59
9
53
82
67
77
32
29
42
73
92
27
35
76
27
42
49
6
76
53
24
63
79
23
59
33
34
82
49
96
83
49
58
58
3
30
85
36
73
87
78
93
39
34
72
28
99
44
8
53
2
42
96
37
34
96
33
33
23
37
43
53
83
46
88
44
70
77
75
38
58
33
35
89
75
33
44
45
53
32
32
93
74
99
95
43
54
22
25
6
79
54
34
35
45
28
33
74
46
29
58
22
70
90
94
89
7
7
62
2
53
86
80
92
6
53
78
83
53
48
90
49
53
69
39
4
3
3
45
48
22
73
3
23
74
30
22
84
5
6
34
47
60
23
54
94
74
22
29
93
53
29
23
99
39
30
70
3
53
90
90
7
63
34
80
82
87
57
39
97
32
94
78
46
34
44
89
30
36
46
30
79
72
52
98
94
49
3
85
64
43
23
33
36
37
28
85
46
44
72
7
38
3
33
63
57
52
78
86
96
22
40
85
5
63
33
35
33
37
86
34
87
73
55
57
33
63
62
29
86
59
43
87
45
40
33
76
39
92
43
43
73
36
90
43
3
36
28
55
6
93
74
30
58
38
23
45
48
77
53
96
90
49
3
37
79
53
43
66
48
36
96
20
76
44
63
73
83
33
56
75
34
8
23
93
86
34
29
7
39
68
28
63
43
46
53
23
37
54
64
48
96
63
7
73
98
55
54
34
75
53
62
36
22
76
63
83
27
7
53
66
25
34
47
83
8
34
80
33
93
43
54
30
50
8
79
73
3
52
96
32
60
35
33
69
7
93
43
65
83
73
97
33
3
98
24
63
36
27
64
64
76
24
24
35
97
32
86
34
97
92
83
75
33
20
7
30
2
79
75
35
93
35
48
23
44
44
28
52
85
37
56
74
89
32
57
37
92
98
73
75
7
27
68
93
89
23
3
83
92
35
62
37
53
49
73
63
76
3
93
53
4
35
30
83
37
9
86
79
64
73
38
4
6
3
8
67
47
57
32
22
44
46
63
70
56
39
23
40
63
96
63
89
8
20
73
73
98
88
55
80
37
22
39
22
97
58
32
54
42
5
35
39
72
69
30
59
75
60
25
38
89
46
38
68
30
30
97
86
30
35
70
59
3
52
86
22
27
39
74
98
88
68
99
57
82
43
38
39
33
32
99
38
64
38
92
93
4
53
32
68
62
46
24
7
36
56
37
20
84
88
32
36
87
27
30
22
48
62
87
68
32
58
76
38
36
32
96
65
63
95
39
76
27
7
37
43
44
93
23
27
26
98
56
24
80
64
53
37
8
70
44
43
65
45
56
5
70
6
73
4
60
52
59
89
70
57
9
83
93
88
78
55
42
63
42
34
3
53
39
73
82
60
58
93
52
77
32
83
53
33
73
39
23
37
67
75
40
67
55
24
55
73
46
20
93
89
3
4
3
42
2
38
68
98
23
3
94
68
38
93
46
27
30
59
36
40
33
26
94
68
75
37
98
35
38
33
34
38
99
63
76
8
80
30
33
55
73
25
94
67
83
72
29
62
79
29
42
88
5
53
57
76
30
35
68
66
20
53
83
33
87
56
69
76
38
38
47
23
28
63
69
8
32
28
88
3
9
37
37
89
69
26
34
46
6
3
98
46
42
66
35
38
45
83
83
25
3
53
44
43
83
22
60
44
85
50
44
83
48
65
58
83
37
92
44
63
23
24
73
38
43
2
79
63
26
53
63
52
47
63
3
56
94
96
7
48
67
93
62
57
57
35
98
77
8
52
2
54
38
20
3
80
83
27
3
82
43
97
38
34
87
93
36
86
66
2
90
23
85
96
95
32
62
34
63
26
4
2
56
74
50
30
35
27
63
20
74
68
96
25
6
70
74
29
73
65
80
33
32
7
63
83
69
42
26
73
39
69
66
76
78
43
42
44
85
77
79
9
25
46
29
23
26
63
93
26
59
34
44
97
47
92
93
49
32
69
43