5000
5658
6092
4160
3951
8746
9943
3544
4408
3926
5652
2019
4938
7062
9994
9801
6868
7220
4272
7154
2429
5589
2614
2186
467
6947
5947
8410
5343
9505
7340
5948
6610
1596
3279
9353
9976
7169
522
4782
7301
2482
4986
8682
5291
2161
1291
7202
6065
6220
3031
7410
3080
2931
6565
2347
5961
3992
2961
5048
149
9025
3244
1585
1238
3210
5066
369
423
1688
2897
8093
4906
9204
2660
4623
8823
2725
3380
2588
6372
589
6603
2766
3224
6736
7099
8433
3670
8961
9298
9028
7915
6417
1371
2269
7076
2620
1709
9479
2455
4042
974
9201
9211
141
2994
4772
2701
2384
6167
1672
5972
7472
8039
1442
5801
4863
1468
6127
5633
9127
2488
1725
4700
780
6680
5910
7446
2887
9089
4892
2873
1350
1051
5685
9267
4740
3637
3922
5532
5243
3412
270
2622
1151
457
6066
1647
1120
6550
4911
3151
797
337
2060
2417
2884
5623
9436
5748
772
4897
7668
1047
8581
4516
5677
4246
9704
1550
4493
8338
2870
3833
7739
7524
7890
633
6223
1954
6972
4996
3663
1289
4139
8037
5210
5525
7946
5206
1895
9673
2501
1536
8205
4514
3012
6250
6701
7646
8465
2239
6381
3357
9032
218
6762
2939
492
2917
2046
8140
4513
9361
1396
9508
963
3084
7330
3765
4941
7216
2225
5515
6942
7604
9444
8576
1781
7405
5457
6747
4691
6185
5653
4005
5517
8783
5674
7427
860
4709
1693
2001
8461
6945
9933
4790
1077
2516
3208
347
8621
594
7849
9584
3598
6819
9735
5027
6769
8280
4998
9807
4670
7390
2509
413
9075
6247
194
8714
100
5818
6284
526
5271
929
5952
7355
5805
9507
8389
1796
2427
6623
4070
7229
9514
4001
2534
7172
2122
8682
1628
4882
7322
6953
3603
6774
4608
8287
7127
3446
9605
6258
7883
7752
641
4222
1156
3166
1103
4960
8475
7407
2613
6509
6783
6649
1764
1807
969
2620
64
669
4218
8083
588
8203
2290
9446
6344
7346
7661
8112
9603
8158
1622
4776
5310
8416
4777
1110
5170
8651
4738
2480
4612
8969
9105
1252
3902
5195
2609
646
6744
8999
3990
9399
5579
376
4280
6098
5992
6590
3673
7049
7612
3648
9315
3512
6319
9996
5981
6693
1028
1385
3001
8035
7676
5048
5812
5497
9736
2566
5181
4487
9655
7143
3936
2957
7782
8925
4156
4139
2646
5922
7002
1544
9918
7572
1189
6289
7068
7599
5662
4570
968
2608
6769
4553
5772
2642
7996
9746
9908
5629
7588
5519
8694
2276
9362
1336
6709
5275
7536
7398
7738
3987
901
3959
6150
2579
6490
1026
4346
4617
170
5081
3797
4170
1295
7644
4586
6780
7014
8243
6161
9863
3788
3447
6815
8953
4444
8755
7499
6706
4368
2208
3381
7803
6910
4788
6142
7476
7724
6223
1903
1779
7180
333
2990
1478
6106
9430
3350
5028
2810
2208
1995
8125
9525
7647
3742
9680
9804
3981
7458
9389
4453
7677
2339
1377
1395
9579
5996
9135
3635
7293
3023
4880
9616
9813
6641
7120
9049
161
5948
6539
5663
6621
4182
9449
5359
780
2902
5858
8908
927
7979
8727
3066
7032
7809
6969
5822
1230
1011
1018
4960
4586
4595
2595
3978
710
8958
2856
2408
8599
9665
9233
267
523
8123
3240
8386
4765
368
7728
6030
3306
8333
2202
7258
1425
4662
6943
1494
141
9276
8320
268
8191
9250
114
8468
1041
7689
9319
1662
449
705
4553
9632
4569
3842
9350
731
1131
4820
8738
9657
9804
5403
5663
6924
9232
8245
700
163
426
4498
7488
9653
4781
7748
7954
776
1569
1217
5528
4951
3798
9922
5826
8052
9693
2974
7171
8404
2523
3566
9906
9820
4608
4788
3478
1232
1366
1505
8789
7795
918
2013
9340
6500
5966
4444
8210
125
9802
4076
8991
1999
2890
2688
8907
8717
6209
2456
9693
7711
7691
3610
4499
8108
6068
5241
5016
2875
8471
3226
2965
9193
2161
8699
6559
7458
4383
3697
2645
3279
1106
7548
6032
5007
4331
2354
5043
9093
7063
8496
8450
6586
6276
3586
6614
4180
6567
813
8695
624
511
710
5042
2629
8125
9075
571
2280
6096
896
3459
6582
9572
4163
5543
2714
1564
9484
9334
6589
9208
3429
4662
7391
9329
2480
1142
6136
1280
4391
8913
1426
4892
2089
1286
1702
2262
164
4335
5228
9411
2777
8189
9064
8856
4594
6485
1374
6989
3200
6891
1823
5574
4911
5144
8280
3028
7432
1826
1557
3246
9777
606
947
737
9046
5793
2704
2192
2797
6972
8039
4554
4614
8888
9211
4112
9970
8376
3434
894
1149
5240
6002
7349
3194
6998
6376
8254
6118
8381
7209
9380
5432
927
3994
139
7347
2232
1332
5117
5380
9704
8280
7175
501
4505
7864
6623
4575
9221
62
6402
5949
7423
7259
2986
1976
9237
2234
9116
5605
9271
9244
8191
2070
9503
6162
216
5654
1714
7439
6436
398
8045
7911
2210
9685
7768
6356
8234
9559
505
7595
4600
5400
7020
6489
5692
1142
634
7433
8816
6386
8959
390
160
9913
9687
1191
9950
1468
5313
8931
7704
6208
1153
2896
3820
5511
8274
4576
8967
2722
2025
7355
5604
5255
1492
2517
4079
1412
9185
1413
2249
6011
4112
8238
5868
3149
5901
7342
4858
6685
6861
5507
4177
312
3978
3302
7424
642
8685
7174
6481
9851
6351
7880
7849
2094
1881
6686
8705
6780
8598
9231
6341
1778
2243
2377
1264
8993
1946
7048
4438
8418
6218
425
5503
2386
2254
4388
8592
2954
6235
8138
2203
8780
170
5058
7363
3459
7807
5995
8165
121
7054
5731
4714
7870
9621
1113
8755
8907
1998
2705
2152
5371
949
3871
4612
5042
718
6880
9326
9788
2642
1253
9322
4243
7213
9235
5440
9867
1355
3244
4677
730
9955
603
381
8081
7305
739
1351
8407
9888
4961
4788
8164
4901
1892
9456
4297
2492
9897
9714
3817
2491
9826
631
4775
4492
2235
3853
3561
5052
4083
8352
8218
5391
5511
1508
3548
2440
3708
4605
7669
6426
5604
9042
5099
3302
3073
4642
9374
506
501
1779
2638
7283
2874
9667
8848
642
4165
1507
4179
264
7791
8936
9183
9693
7585
6365
3049
9388
9878
268
1301
7375
9520
3903
3601
3491
7244
7701
1190
7577
157
6439
8391
2905
7214
6354
2194
4191
7365
7227
8086
7551
1227
6949
3770
2518
377
4692
7553
9479
7916
4698
6841
3783
5975
9201
2129
5450
7077
6532
393
7791
2364
5041
9812
8576
6835
3103
6922
9473
1652
2718
3203
240
6417
2195
9615
8832
4822
2991
9215
4008
2866
4912
3011
946
7409
4045
6361
3902
456
5548
7145
9045
5739
4046
1076
3534
8079
1560
9457
3179
5031
6127
9926
3428
6275
9062
5604
2278
5517
140
4708
6162
8563
2938
3474
8320
5416
5307
3524
2536
4868
5310
2960
923
4203
9978
3805
8744
7855
6588
538
8345
8490
3891
960
7206
4596
7984
3908
2011
1178
3399
8022
9724
2361
8557
5830
6325
7949
4222
9851
2924
3270
7775
4462
7619
6737
768
1602
2187
2874
1327
6110
8318
5669
5163
4716
6490
8003
3793
4256
2991
3032
7467
3296
392
4508
5705
7953
5989
1406
3277
4107
3178
1974
3878
6144
1365
2897
5713
7797
6209
2180
3882
5900
5534
9858
7932
4271
7186
9661
2375
7469
9332
6744
3146
8400
8247
2112
4037
1557
5969
2920
1208
8602
5806
7516
771
8511
4791
5823
4091
1719
2118
3792
4023
5690
3354
2986
7734
6728
3983
605
5579
1653
4616
3509
9338
8351
3724
1498
6008
5800
4283
1969
310
4114
632
9357
4765
6657
1889
9032
592
1944
1657
7131
9061
969
6201
8545
6638
8273
494
9897
8293
2154
4060
1727
9272
9740
8945
7225
6708
8574
4352
5432
6039
6430
2831
9849
1931
2909
8641
2381
9872
1510
8166
9644
9677
4760
2706
3912
560
7284
4871
1713
2016
8476
3797
3060
1926
6763
5128
5696
8032
5238
8958
7820
8692
5287
6784
4023
5902
9195
9776
7139
5867
3536
5302
9952
6019
7460
5844
1156
9799
5611
2907
564
4964
3704
7589
3015
9437
5088
3822
8573
568
684
5969
2471
3059
1035
8156
3098
929
3278
900
3647
9593
2369
3023
9354
5983
2963
5208
9312
3269
8936
3729
3743
7223
1779
1204
2172
5162
6548
6763
8571
8957
6621
3125
2317
924
5435
5290
6695
3123
8796
7679
7394
5517
9116
8982
5295
8220
4564
3790
6802
9653
560
4293
3079
6492
1681
8632
8630
4271
83
6363
1761
6879
493
4550
8987
3431
7589
2297
9994
3022
5866
3549
1021
6098
4383
4606
6460
4171
4367
5842
1838
9226
1471
7702
361
4015
3275
2194
4878
9835
2288
9182
5534
5412
9412
4891
8353
3963
9922
291
8943
1046
7361
2251
9032
5296
8076
6121
4389
1939
5873
1634
9401
6927
4734
4461
8733
1913
7283
5328
3774
8399
7278
5481
6378
1020
343
2202
8685
9217
2946
5865
331
1096
4422
1898
6044
544
3357
6849
9100
2807
9857
9210
4653
388
2506
7896
8654
9395
5439
9265
2316
5658
6833
701
9908
6463
4008
3040
2336
6466
5109
6879
3604
9138
4790
2201
6597
5532
2369
1334
4949
2963
1685
8815
5995
2946
1137
7234
5780
770
5952
7268
8476
8954
8383
6268
1250
5463
2767
8770
2062
7853
8955
1586
3513
5954
145
7187
7763
2903
267
8643
1469
4973
7004
7631
8513
2725
4717
5772
4147
3519
2525
5981
9908
9995
5560
7016
5138
8017
2395
5121
1662
1670
6433
1480
1767
5380
1935
9846
8359
9752
6314
9065
199
1618
2596
2028
3027
2083
8680
4672
1509
416
4050
321
4950
9936
1285
8798
1482
2245
8120
2565
3255
5815
6561
314
6992
8300
4047
831
3387
4537
5344
7179
8246
5324
2153
8048
1977
568
667
544
7474
1452
5448
842
2452
1213
2178
2683
3083
3115
4817
8973
7112
5147
7916
3360
5554
8087
2701
5881
466
4597
6991
5167
1276
7372
8983
6136
6171
119
7032
1128
2627
7707
6587
5841
4679
9226
706
1334
2121
3722
1740
400
6434
1000
9275
4288
8356
2605
2783
5626
451
7161
8327
7690
7132
5770
9686
2151
8453
6719
4009
1298
5784
2704
9909
6919
6133
9438
3181
4077
6904
3986
1178
550
457
747
9706
1205
6686
784
1930
5095
3234
5435
4108
5473
3752
1114
7299
900
1076
4288
5028
6626
6515
3371
7279
90
98
9103
4545
4585
2298
3758
8557
5623
3017
7531
2689
4584
8485
6799
717
2690
3247
3912
7500
8409
4972
6135
2281
901
138
7516
8268
8466
4136
3533
876
122
1852
5020
9585
2088
2440
7778
5147
373
8672
1858
3063
9157
6786
2849
3283
3517
2497
9419
6036
8384
1446
3860
2713
971
4976
1928
5453
6413
4262
3019
5779
5527
8326
3270
4651
8842
3838
9016
5989
4751
7593
1589
8878
333
4270
326
7947
4321
4320
2968
1622
7175
6267
4384
6794
9623
1730
3760
5255
1724
9948
6951
6033
6491
5685
9189
8798
8457
2386
5307
1066
2078
3194
7338
6615
3101
5558
4932
5564
9497
9991
9338
7723
6490
6223
1463
212
4425
3697
1334
3570
6581
4090
1049
4006
3769
3518
1711
3221
3658
3280
9586
4659
2285
1119
3745
9228
5276
460
996
533
1471
6367
439
5144
3075
328
6799
403
3656
668
7166
1224
4278
750
9838
1063
541
3450
8212
3142
129
1385
6259
4948
5586
4121
5518
3781
7076
7530
3707
6959
5676
3634
5428
6806
3760
3043
8198
6370
1732
7712
8638
2715
8011
2188
980
2986
1845
2602
7477
6436
3749
2393
1674
657
5531
5379
9990
783
812
6194
5464
1857
5764
5772
4628
7625
5094
2855
1325
2360
4915
9110
926
4596
7187
3048
6070
6151
8631
6722
6965
9659
2332
2757
7605
9805
3727
4238
3952
1401
9131
2642
2121
8873
2670
5370
6489
5718
5458
8277
3565
6949
978
7517
233
8910
7653
2790
1941
7726
8639
3546
77
4545
1705
8507
318
6112
2201
5624
6169
5515
5340
6902
9451
6547
2297
4504
4943
5224
613
5703
7248
8649
1552
5166
5468
1966
9241
266
8534
7768
8998
7640
5965
8159
7782
6586
7037
9031
8905
1039
8906
7354
5418
866
190
8167
8094
4209
7065
2805
1032
8673
2812
2392
1314
7701
3166
9298
9213
380
8665
7601
4534
2449
8762
7021
2717
6208
8627
9947
7855
2515
820
9062
3693
3425
3460
8323
9315
5760
3606
3170
279
858
9871
3782
5849
936
242
5509
90
5308
6740
9813
6152
7866
4077
7571
8716
4745
1993
6663
8374
6854
7587
5012
4398
8239
1962
7517
8568
9217
9891
6528
5939
5673
6120
9815
1151
6482
8208
3552
1812
5745
7476
4042
6957
3861
2545
4672
5445
4274
5112
7356
7071
1774
8931
5267
7053
5143
9790
4352
7925
1957
1142
527
628
6882
8215
6515
9223
1773
2304
325
8721
2715
905
8482
747
9617
4663
9991
3839
4875
9807
7976
654
5665
4760
1847
2964
6705
9957
4972
3110
3242
7375
4950
3304
6135
7101
2223
4954
8013
1366
5314
1420
4777
4632
6713
9955
5900
5306
5108
5134
3745
6737
4133
1639
3081
3322
2531
8997
3226
5831
8905
1360
1896
378
601
5245
7499
7290
8542
3763
5602
2954
7771
9804
3534
2379
9882
3656
1999
6017
2431
4970
2171
3351
6938
7964
8912
3649
9900
296
7176
6532
5296
6255
463
9390
262
5039
8595
4837
9160
4594
5922
492
3805
1391
4348
1554
5987
1601
1136
7223
954
9066
4593
6768
6074
4368
6292
6433
1267
401
5154
4477
3402
9670
2967
8949
4798
8673
3853
9773
6979
5042
7988
3326
2526
1974
8338
6122
233
2609
541
6486
469
5072
5324
3827
6463
7660
2115
9334
443
4399
769
5890
1574
8627
2865
9114
5506
7186
3968
366
7767
5373
9003
3431
3502
8235
6052
6109
4383
7351
7488
2776
7357
7449
3056
2780
3449
4118
298
3586
6505
4516
1869
2291
4794
8306
9471
5230
5371
7997
1743
9607
4286
85
9635
99
7241
9352
7612
676
2147
734
5947
2956
8844
7772
4708
9389
1539
4376
9931
1314
6950
215
5847
3696
5928
6175
2123
5790
5017
950
6635
2442
7313
7427
5872
4884
5601
6131
3304
9763
7619
405
7054
4717
6925
8626
249
4280
5326
2236
9043
903
5348
9134
6093
6493
4383
7187
1408
5762
6942
9144
7710
3252
4024
8026
3766
60
2778
638
4584
424
394
83
2523
9308
2026
3058
9594
7474
4532
7004
3551
8677
571
170
2507
1257
3327
3267
4832
5400
3402
9028
9262
4464
3466
4215
9459
3016
3701
1320
5901
4932
4286
2612
8081
2191
5798
863
5075
1721
4077
2485
5401
4707
521
1538
1657
4809
4796
2125
9749
5471
3333
124
6089
6284
2945
7815
5194
936
4411
4721
9154
7732
8684
3248
8385
9243
9704
5360
5955
5802
3449
4685
6549
6070
3722
9776
5687
6104
3835
9567
1192
9614
7429
5130
5777
5553
895
6072
5080
3745
5185
5943
3422
4488
7705
3295
1449
9959
3553
5357
3651
623
939
7338
7077
9672
8134
4172
1814
9821
6150
6901
1237
6763
8515
8811
4704
7660
732
2863
4553
1778
6718
1703
7100
2012
6443
6448
6455
5054
5847
2272
6508
5603
4780
7303
8124
9879
722
7491
387
4448
1530
2435
8501
950
7929
6721
2137
7730
326
9011
8676
4465
1348
5035
4356
139
8589
7484
1465
5299
5457
6551
4221
793
245
9156
7810
4914
2229
9523
8612
9311
1689
4863
3083
1496
6912
3985
2083
7129
9600
3869
1343
3352
8452
7066
1733
8059
6424
3774
8074
1612
8187
7424
1173
8179
2512
4736
6264
9622
6839
2682
7839
4316
7236
124
7513
7419
2600
8623
7977
4384
7733
3412
7958
3844
9338
1445
695
554
6246
8146
1722
4031
6796
2292
6319
6214
3833
6710
3747
6186
4633
9780
6134
5380
8570
8102
8168
1439
5084
6032
3679
8123
6346
5251
210
604
1765
9663
2128
9964
8489
4694
4452
4097
656
629
8052
5791
7888
6896
2327
7899
529
6131
7532
1651
1765
1480
3172
1962
7629
9913
7783
9544
2367
1764
9159
8190
9978
5303
4824
1973
1638
7150
9684
6118
5592
1851
6424
7929
2439
4677
7476
5365
2774
4614
5786
9393
9729
8091
3080
9828
4684
9524
9553
922
9189
6844
2461
7373
1904
5002
344
9714
9516
3849
9295
2976
366
8393
2759
4831
2201
2307
1703
2247
1474
2409
6226
7230
2371
4630
7851
4776
9031
7454
2303
554
1237
4548
409
1438
9273
3013
2318
2520
4296
5458
3897
2775
7237
2010
5063
3243
2588
8470
2849
5062
1974
5750
7969
1482
4183
7698
3772
7070
8234
2588
2902
5358
3566
9457
8213
5265
9881
3603
2809
9365
5211
8782
5464
9500
5711
8982
9953
3260
9599
8549
8520
214
5996
5476
5370
8322
1286
8878
1287
5437
3331
9722
1960
1227
1979
4509
896
6347
4077
1810
5189
73
7935
5573
4073
2074
2403
8895
762
184
5700
5170
8102
6181
196
2325
284
1863
1317
8055
8289
592
8585
9056
6534
1448
1546
1265
6089
1908
2207
5202
8496
6820
6246
6577
1995
9927
1352
9247
3463
4173
2274
2109
9900
9500
2120
9649
5661
2321
7016
3232
8622
8839
972
6779
7757
1330
6434
5414
5078
4667
3597
118
7816
2106
3374
162
6492
6453
6255
2100
9196
393
4458
2715
3248
7604
402
5860
4922
3866
2595
2965
3333
8509
3154
2421
8598
4127
4516
1540
3625
7306
5459
6589
935
4511
4409
8914
8167
7628
487
5604
3776
518
5816
5245
3574
3424
6803
7633
2417
7538
327
9721
2341
8509
448
9347
3723
4971
2217
5196
1673
9301
571
6761
4825
5162
5316
8840
175
2256
9136
735
8866
3367
4042
1182
1215
4146
5283
6124
3331
4880
7742
2318
382
6300
6406
64
2455
7193
7559
3169
8855
5257
4989
6544
378
9186
1983
2513
934
6445
4006
9701
4073
9845
3873
3617
7163
1296
2314
4824
6468
449
742
1716
9890
4270
8420
6465
2766
7671
5044
9275
3851
9852
62
203
653
1660
4977
5589
8253
4875
3718
552
1480
9137
4058
2405
6815
4999
4446
4875
7124
7631
5149
9150
9596
9726
262
7025
4631
3055
3317
2949
8498
2504
3709
5070
8635
6368
6821
3205
316
4342
1820
4618
4286
512
8138
1041
6875
3801
4245
5893
336
5263
6406
6371
2815
5628
1188
3922
2773
2236
7235
581
6996
7715
3753
1101
915
360
9770
9713
1178
9803
1404
8180
4252
1286
5263
9749
3205
4953
5407
1189
2890
7480
7468
8979
3672
9969
9059
5982
4768
1943
5673
618
9132
1762
6217
5932
938
4293
8517
7360
9376
3919
2143
8364
7739
8085
7851
1338
5909
7060
1956
9919
9304
2245
7296
6410
5024
3995
3426
1523
186
2219
8507
6269
3808
6426
7682
6062
9304
6688
185
6898
1228
1519
7880
6596
4345
7615
2399
8565
7660
8857
8107
8417
7830
3449
7565
9917
6062
5803
6443
1693
9889
2675
4962
3030
5340
6775
2402
7701
7706
3420
9595
8202
3332
2332
552
573
114
6839
226
580
5762
8427
3138
1345
7314
7570
9248
6014
2664
2564
8527
9666
4688
8559
2439
3057
782
3088
6577
1200
7789
9885
7975
1289
4941
5786
4493
8898
8612
6807
9896
5147
2588
4434
2108
4588
1460
902
2491
8063
1368
5191
5943
9669
8530
4037
7109
2831
7086
1132
9431
899
6553
6022
5544
7545
4233
1964
2541
8423
9090
739
5628
9169
9211
821
5545
9544
3361
1295
8158
3014
9675
3227
5342
5609
9643
4578
6713
8425
9153
3204
6305
8095
5830
9519
7427
6161
9319
5724
2997
3034
3359
1227
3641
6381
2319
8521
3021
2139
7102
2608
3702
1860
2742
6552
2090
9460
7668
150
3770
6496
1556
1731
1687
8143
594
3785
9154
1716
6434
1566
7898
2379
6643
1082
9060
2388
1531
1259
7238
1569
2212
4442
9675
3287
6763
8235
2233
2516
3224
4917
8524
5446
5503
4142
2199
2836
1380
1176
893
8033
1565
9616
6908
9831
4789
8252
6063
3003
901
844
7452
8633
1864
3921
3043
1049
1425
6286
7586
826
1202
8999
9500
7259
1721
2702
6780
6619
3917
7796
1765
7003
518
4538
2694
2087
5415
8510
5501
4501
4022
4158
9287
2132
4618
5719
4016
8240
8094
5332
9675
7536
4090
1491
2678
1691
6233
455
9715
600
897
9122
3814
4822
7160
2963
5329
6196
9896
4521
8185
8858
5745
7831
408
6126
1985
2723
7907
9341
1796
1722
6086
9823
1865
9470
9554
7471
7671
8336
3035
2235
8731
3619
5087
2671
2082
8587
2743
8198
7119
9745
710
2560
643
6685
6594
5930
3772
5026
7569
2373
2077
9957
4315
6911
9862
4857
5461
9136
3466
5819
5829
9192
6817
217
8557
4858
2450
61
4381
6384
5328
682
6309
9471
5381
4511
7902
2365
1813
6101
4740
9288
8679
6659
9856
8693
9782
2767
975
1806
7073
1926
9667
2924
1848
8248
242
8477
8570
7518
1249
2864
2797
6085
7977
8256
4432
4690
7239
2926
250
3418
2358
6059
683
4932
328
6270
366
3310
2843
1423
2275
4787
4765
2720
6144
4156
2090
9303
9639
8381
2722
9589
2576
9798
5687
7419
8819
8921
4934
4533
8702
4409
7001
8915
2546
1228
8887
9904
5713
6996
6403
7323
6267
7018
6673
3502
9321
9808
6461
434
4654
2985
8830
3932
8007
8491
9078
9008
3240
8274
4687
5075
9789
9820
595
7435
4774
5929
6726
8667
8785
3173
9511
6746
6711
5864
4280
4827
2402
7435
5769
1226
8323
436
8014
7208
8891
7366
5362
9541
9407
8747
3629
4958
2656
5706
1571
3761
3975
8655
6331
4485
7297
5010
7536
5429
6065
2633
9193
5397
5213
7903
5161
7166
9806
3075
8973
9807
6804
2413
6519
6503
3994
7046
7085
9040
6629
5311
6779
4342
9964
828
273
3691
9353
8791
1618
3698
6776
1821
3946
9614
6311
3628
3266
7143
8695
6677
3392
6779
4825
5851
8964
943
3257
1299
5178
1972
2611
6487
1025
4949
5563
7754
5840
643
9164
6433
4172
2774
7954
1843
738
5247
6158
5560
6222
3580
9260
1644
9054
7643
7315
8262
351
1849
9468
3128
7896
3279
999
4532
2641
3078
4754
3889
2156
4200
7378
9032
6871
6851
9851
4508
4211
2195
7443
8829
477
3845
4130
1212
9429
9127
6621
2349
3234
6594
9648
4031
6965
101
1269
6148
5675
2353
5514
677
7889
7471
9283
249
5997
1503
5070
5297
183
5256
5010
606
72
568
559
1576
2106
1653
1893
8376
3313
8578
6727
831
451
8311
1520
1576
3777
7363
7634
5725
8940
4463
9368
1959
3788
9592
6638
2333
234
359
9139
7452
3596
4042
163
5800
8747
3694
2377
7083
3210
6195
389
1692
5257
7110
3397
7645
922
8845
2595
2330
7906
9081
3140
4615
3824
8425
2011
3832
9896
886
3547
1121
8946
6833
6438
6040
4310
6788
4933
8005
9491
5605
9129
5217
2524
4272
2335
3072
6295
1221
4227
1886
3519
5429
4028
7349
8285
4124
1061
9232
8392
4743
8014
1919
996
2877
1436
476
1510
9708
7886
7312
8893
2870
7292
3498
887
255
8563
3510
4879
3497
1574
4143
3883
9374
4397
287
996
5047
6357
4541
8271
1250
9869
8491
6276
8737
5455
889
6554
598
8401
8859
1244
5099
7464
4339
2867
443
4150
5913
9282
7520
2874
9659
4143
8486
9361
7641
291
4286
256
4730
5488
2501
7050
3433
7308
7983
8603
6522
3768
7193
8590
3289
4649
7694
1905
1178
9875
5761
7180
4667
5243
6929
1103
5935
3781
9837
1175
2345
6662
7342
3456
8960
3819
6917
4236
8893
5984
331
7260
7915
8202
2966
786
659
5638
2678
9743
8573
8078
2543
8109
5356
5218
6607
7729
1643
2423
8882
3813
3263
3903
5553
1303
846
8188
9139
5557
9562
3194
239
558
3894
9351
8530
5354
5337
8426
9489
7376
2478
8372
7636
6840
5376
6059
3085
1239
8833
1801
4771
938
7668
6952
2489
6793
2329
8644
3803
1444
5088
5719
326
7870
6202
8259
132
6325
6222
5517
3456
857
3293
8772
2644
9367
349
8378
848
9022
3336
3302
3848
3247
7183
2987
5167
6763
9389
5196
7427
6770
8020
2250
1445
326
1325
6115
5562
5534
7250
6970
7515
4417
1985
7085
1295
6034
1296
3402
4884
8933
7576
2896
6376
6561
9203
7747
6084
6882
7768
9917
2714
2036
1014
7927
3590
6090
790
8095
380
6607
8662
2928
8390
7491
6584
4928
1491
9861
77
2974
5404
1726
7233
83
5977
5643
6345
1605
1114
444
8341
241
4473
7413
2246
8634
8153
8787
4632
5989
7300
2111
9496
8550
432
5611
2158
3081
5267
9386
371
2773
8097
8568
612
4893
2257
4663
5780
9059
8194
5092
2415
292
9461
8066
3612
8140
3306
7695
7411
9038
5769
856
3504
8944
4469
1495
9155
2213
2644
4101
2639
1826
9145
7310
3089
8111
5229
1056
4741
5011
837
9043
5180
3721
2872
7231
9142
6621
7133
9411
7414
652
2998
2815
6340
7807
2498
6508
6439
8192
6833
9898
2175
5986
9546
178
5024
7483
1303
5697
7037
1278
4777
6860
1483
8886
8107
2563
7554
714
6157
7641
7170
3536
6135
1393
1529
848
3170
6378
3865
7335
9164
5993
3204
7770
3736
6726
7588
1047
2489
4089
5110
5246
5055
8471
1510
5681
6137
869
562
482
9345
4699
4807
9527
9779
7271
5522
3651
4062
2634
5713
9835
794
6781
7854
234
5502
404
4364
6119
8340
9909
365
7700
9244
6649
6435
3808
9194
5848
8619
9914
9508
8988
8101
5172
5783
8179
946
4147
3400
2409
369
5819
1290
8093
3246
7128
1987
196
5460
8179
8707
5433
1126
2522
1145
4360
7067
7348
8754
9978
7352
9693
7985
6665
5350
5061
2883
3528
7083
436
5620
3718
1972
4241
5473
9829
8875
4285
1169
2288
7935
6466
2889
5982
4523
6338
2276
5489
893
9621
1866
9383
2257
6579
7766
3280
8280
845
9626
8468
7312
8167
3651
8757
6570
3536
8159
3904
5716
8199
8500
4708
512
6056
428
8347
261
6073
7716
6389
456
2776
6787
3838
604
2990
1147
9419
5888
6695
5391
5285
4741
3990
8796
5324
8641
7998
5677
4898
9965
7740
5251
7301
9121
2134
8990
6123
7303
3182
8347
3942
4580
1773
3586
1254
4921
8782
6315
6671
3229
1012
6211
8550
7804
8320
502
9385
6074
6411
6652
3023
5095
9647
1713
7066
762
1819
7145
6093
9812
247
221
9547
8259
1738
3614
505
6727
8476
1374
3027
214
2155
5239
8209
2143
4757
1697
2355
1349
6562
5661
8264
9324
5353
2783
8138
1702
8399
4932
2913
7699
9342
9529
9325
5041
5234
2268
6641
1058
4905
6603
8588
3858
6684
7757
7731
7151
5581
8376
8327
5662
8835
707
6655
2408
3558
2402
4112
2932
5386
1127
9577
6361
4207
466
6315
4295
9385
7382
2129
5008
4633
8201
2078
9412
8293
4664
6146
2326
5836
2271
9079
1440
1053
8672
9419
8036
9902
8531
4245
3751
7627
4451
2572
803
5109
9308
3493
9882
5239
3982
8626
699
271
616
8895
7432
2738
6604
8164
9974
3329
8276
9402
3266
5661
8263
5263
7886
8015
7357
2759
8408
7428
7030
2219
5281
8825
6790
7934
9236
6432
7572
4155
6027
7911
759
1611
2166
2434
1841
4662
1179
9615
4927
5739
5582
1751
4174
4527
5959
6137
952
2458
2645
9038
9617
7558
2181
725
3717
2129
692
7374
3970
5843
4538
6117
8769
8144
2015
8703
4831
8236
2158
1644
6572
4183
4100
6282
4041
3536
5491
9702
1105
5953
4536
3813
6748
8672
9530
5773
6095
9984
682
4655
3401
868
629
6289
5163
9569
7525
8705
5246
6438
1857
8190
7055
2360
6982
7973
8207
8357
153
3670
8037
5683
9128
6722
1141
4956
5817
3554
7799
8257
1585
7397
3642
8895
5291
7508
5482
6829
8611
6494
9081
6258
6740
9359
9840
1960
661
983
6314
6310
5306
2048
9447
3015
9133
255
5186
7488
665
4124
978
3968
7121
5110
6395
5206
933
1270
4525
1681
1914
8297
5966
5876
9507
7570
6343
2606
7846
6760
7143
3214
6852
9138
5976
2890
8193
5977
3756
8044
8515
9850
7098
7661
5572
9112
179
6515
2186
5618
9706
4069
1044
7538
856
3270
6758
7770
122
5341
708
2017
8706
1514
2342
1074
1890
9019
8557
4773
1061
3092
1851
8184
6767
3280
5489
5735
8777
9674
5267
7599
281
3428
6453
8780
4629
5909
5828
1948
7086
2023
8025
1863
5823
1195
2215
9505
9429
3473
2243
6846
6999
7452
8400
950
642
2749
5175
1020
2625
4162
3526
3894
8963
2833
823
8040
6286
138
3645
4685
4846
5323
5804
4648
3607
7484
5617
3402
9580
5862
9753
4826
4282
4150
2516
2116
3571
2332
884
9875
4024
2668
6939
4565
674
8796
742
6407
8169
3126
718
9130
2406
6525
4993
5547
8743
936
6118
6442
7725
1211
627
4970
6430
6293
7653
3755
5921
7270
4191
4657
7021
2094
9866
3847
6097
8188
6856
8864
2622
7852
8604
5177
2452
2924
6834
9399
2749
3372
6535
5640
542
8195
333
7655
7464
5996
8851
9289
5539
8481
3402
2045
8202
9061
9009
5887
6518
1423
9626
6348
7736
563
2426
8149
2592
9523
9411
923
9994
904
1338
588
9736
8209
3166
250
5908
4253
4352
4094
2320
1494
1688
8564
3081
9910
1869
1441
1757
3579
4035
3578
5456
6364
9411
4079
1907
7086
5288
713
348
5648
3025
7442
7599
7795
2283
9151
362
9995
1179
6516
9954
6460
6599
3209
2666
3006
2968
236
3253
4210
4645
6424
5302
6674
1663
9461
745
5374
8101
7055
8575
808
7629
8112
7995
4634
2961
2018
7900
7244
435
4914
1775
3483
5381
9949
286
848
7837
1184
8905
5390
4481
4225
8975
969
5725
4504
6250
9733
5621
7296
7085
1979
369
6850
948
5405
5384
6477
9810
5111
8854
3543
4047
1453
4125
8635
2264
1964
7125
1393
2309
6496
3673
9054
4279
2367
507
