228
653
705
482
366
712
730
607
882
547
776
980
735
212
646
332
884
114
14
191
780
994
827
117
683
150
177
78
387
872
462
272
606
116
452
120
795
352
204
823
463
159
956
999
843
435
843
471
421
554
943
304
756
230
990
626
634
432
333
801
538
111
702
969
536
318
583
480
702
3
168
614
743
397
718
270
713
612
535
368
648
139
173
646
790
306
567
625
856
191
974
489
399
475
780
557
885
860
868
320
585
887
121
453
989
758
350
360
343
821
666
981
130
472
81
380
130
948
418
78
83
22
566
848
470
769
922
756
164
993
461
383
856
351
975
448
584
839
929
577
824
462
157
35
193
429
852
953
694
15
494
128
211
929
776
637
287
395
877
469
368
220
575
706
220
68
535
197
790
516
943
989
321
792
91
279
190
871
680
221
222
219
605
370
244
283
830
609
646
771
953
508
24
759
356
805
831
757
844
79
964
440
890
159
653
178
849
566
252
846
545
113
477
681
794
106
6
452
827
210
316
634
876
87
125
659
414
938
422
414
588
16
584
671
153
792
641
16
424
545
170
466
893
105
571
995
810
903
418
48
198
493
750
202
748
20
344
605
2
820
359
71
188
390
534
709
550
675
884
856
728
770
954
763
173
939
900
314
250
527
286
985
181
556
104
866
167
163
752
818
466
311
194
739
618
351
819
541
48
120
800
668
999
363
325
351
407
652
922
401
644
838
897
623
870
16
926
698
978
825
856
975
78
694
351
164
305
920
509
893
685
939
2
169
102
476
733
149
535
304
940
233
917
242
631
562
312
387
632
323
79
38
547
661
280
521
83
399
46
90
383
729
125
692
570
320
844
935
129
467
969
530
4
596
869
695
767
637
683
678
931
845
964
111
504
928
158
342
612
643
693
396
787
62
881
606
215
345
415
774
946
52
813
133
140
559
817
764
575
863
10
894
307
8
491
145
743
474
853
266
955
343
357
955
427
603
554
358
257
623
663
837
284
350
933
19
721
547
320
262
498
97
327
784
806
718
390
688
231
322
734
460
370
513
232
227
18
762
641
716
8
851
596
619
129
962
558
175
301
446
149
312
391
804
564
662
510
849
95
380
118
717
454
276
275
763
358
119
956
226
452
449
490
61
567
692
752
614
866
996
913
326
166
134
367
798
143
128
823
513
728
272
271
945
252
56
775
179
300
433
518
604
812
986
256
17
419
196
796
585
904
678
586
952
689
258
380
507
569
236
659
273
130
385
815
393
455
611
408
733
22
145
132
473
963
867
426
400
935
462
728
252
406
682
624
134
672
335
244
119
702
863
577
468
568
931
444
268
380
580
775
295
639
163
157
346
109
348
385
983
751
673
625
13
965
749
825
146
505
912
262
740
849
183
806
287
947
474
796
257
116
288
593
577
491
519
70
111
795
715
214
575
508
942
147
980
631
768
949
174
890
924
583
435
21
972
445
279
297
184
394
79
15
436
193
443
69
609
84
359
305
769
442
459
247
788
168
192
351
486
31
656
101
283
182
436
368
274
517
596
420
543
175
289
861
988
877
714
999
809
191
169
27
583
106
264
197
549
992
159
8
989
39
35
814
152
477
689
263
897
956
765
155
219
395
632
889
134
692
409
765
681
285
662
340
104
607
355
769
715
835
516
842
477
133
270
421
855
588
144
61
620
211
95
848
625
673
367
757
531
396
94
465
161
573
304
211
558
901
327
832
183
720
63
813
172
38
918
540
355
833
693
206
362
986
163
161
292
221
732
4
698
650
741
942
617
770
541
869
359
371
542
57
538
174
547
930
768
154
515
796
48
188
534
255
957
575
724
824
155
934
72
187
240
29
21
5
389
683
587
545
323
304
979
4
332
240
407
119
695
409
101
461
540
794
852
796
255
241
656
841
174
690
86
630
611
509
156
847
731
928
814
904
743
454
94
737
980
796
670
968
307
178
370
211
900
437
818
744
512
431
439
424
95
472
66
911
476
982
790
971
67
490
616
815
559
1
494
113
940
712
14
160
238
372
886
819
164
931
225
10
484
206
970
280
46
485
41
610
85
60
252
808
137
66
809
386
253
310
656
333
436
384
934
73
919
297
852
63
692
535
435
854
26
32
31
581
88
586
287
213
641
102
647
244
293
132
850
564
180
413
981
784
68
788
510
247
240
861
631
424
263
462
527
328
898
64
930
126
135
5
610
165
970
152
341
233
815
951
970
728
766
298
376
161
950
143
499
429
929
364
124
836
535
236
807
208
832
547
825
627
213
213
959
359
271
979
403
345
477
446
454
731
596
212
708
17
981
278
526
260
742
781
258
786
547
906
460
838
299
964
211
582
446
150
384
291
161
997
891
434
258
152
817
133
539
199
732
699
585
677
835
128
508
756
346
28
94
757
471
541
825
929
257
371
24
618
3
557
849
406
388
902
832
321
760
123
777
585
296
169
350
340
324
554
36
698
141
66
161
763
834
316
72
617
954
640
951
68
466
525
321
355
466
247
577
75
458
35
455
31
632
335
396
391
887
666
112
870
668
791
131
130
973
88
486
482
810
912
290
981
652
684
365
173
301
122
595
5
741
605
339
777
614
272
240
929
719
901
535
392
542
117
880
833
43
47
696
723
115
177
278
304
680
45
810
633
329
909
420
301
639
313
4
942
586
720
850
553
849
391
59
447
850
859
23
906
548
583
144
720
478
494
268
117
314
229
402
543
442
533
437
40
287
978
84
830
383
67
773
294
923
413
843
22
656
578
348
326
876
52
573
260
357
92
902
539
108
380
313
380
628
735
831
366
883
877
462
252
671
145
889
669
738
308
478
308
936
190
139
967
933
656
232
250
991
471
525
179
589
213
24
427
781
795
776
601
454
955
230
803
526
550
218
740
101
806
205
668
427
797
273
418
554
249
115
554
603
628
155
63
743
18
369
226
967
586
667
475
565
862
572
576
620
746
203
482
834
56
350
948
485
50
330
829
684
428
653
189
261
495
741
470
446
326
689
92
728
956
732
933
959
347
216
40
983
915
397
711
930
33
382
661
287
535
457
775
91
41
246
909
652
261
990
982
28
249
283
109
782
759
875
295
610
457
568
254
10
4
585
65
732
913
895
752
54
64
827
552
474
678
194
653
245
217
855
759
201
61
919
776
821
749
749
949
320
892
918
23
329
366
79
11
665
621
237
759
474
224
686
750
310
4
75
206
666
149
162
64
428
262
675
60
710
927
30
6
321
956
155
93
354
766
614
882
165
846
581
56
539
208
430
641
759
268
427
984
821
895
925
661
551
739
286
383
870
936
727
662
72
832
451
881
724
239
562
999
195
604
158
507
944
66
312
956
886
286
282
381
996
229
157
783
812
444
644
661
721
602
565
137
36
34
953
99
86
149
260
556
807
5
944
380
672
636
933
367
569
465
740
244
51
600
404
795
125
119
660
109
446
848
284
38
718
64
162
609
804
61
711
794
125
634
136
953
345
2
485
400
227
718
883
5
356
477
272
214
185
247
223
719
792
122
441
636
898
415
129
622
148
168
51
369
43
767
882
169
593
571
241
330
328
197
193
497
169
34
85
421
913
831
851
940
735
541
613
544
697
969
824
432
159
854
445
424
31
184
488
661
811
119
537
26
693
55
569
681
154
626
980
503
569
931
392
541
298
895
20
295
962
734
122
981
616
361
106
669
856
683
930
75
980
716
30
386
398
240
263
122
890
67
52
951
296
6
695
756
572
553
675
990
979
793
695
454
311
245
710
961
460
431
842
791
675
481
657
128
592
372
524
743
923
761
402
836
22
542
971
95
424
859
601
552
503
694
204
681
799
78
129
718
963
398
408
49
71
211
796
268
523
376
179
495
668
241
285
402
665
74
492
238
695
983
857
88
33
916
545
793
65
388
912
333
331
714
206
494
921
944
101
454
660
686
428
986
203
318
160
370
912
950
646
174
867
300
48
854
979
142
472
865
179
81
459
973
136
552
945
566
250
823
610
827
284
900
985
462
591
816
778
425
57
985
34
295
53
685
127
772
803
995
250
519
715
871
601
39
134
451
655
536
172
1000
181
251
720
717
257
782
713
229
740
77
446
624
456
479
371
448
370
506
864
347
903
396
111
749
700
697
480
540
284
641
321
545
982
902
298
692
97
18
389
842
152
845
749
250
852
641
121
938
18
567
745
738
995
825
934
612
800
992
798
638
103
792
345
712
809
881
656
229
253
378
404
439
963
224
222
406
631
896
578
412
662
865
155
209
426
871
535
95
764
841
881
953
603
272
861
265
547
349
771
510
388
264
946
251
448
578
750
815
258
260
559
574
132
918
308
960
998
117
234
81
753
510
169
763
60
370
627
63
938
295
685
425
986
936
77
95
745
805
145
765
955
118
753
208
214
968
100
752
778
342
238
941
57
615
589
651
775
432
718
909
145
422
335
853
617
83
23
784
999
562
641
87
319
263
897
172
13
13
466
96
220
84
787
909
857
734
520
772
999
59
114
931
525
267
78
360
552
352
958
619
670
92
748
761
646
675
220
794
957
855
311
929
5
443
638
427
381